time,joint_Root.z,joint_Root.x,joint_Root.y,Hips.z,Hips.x,Hips.y,Spine.z,Spine.x,Spine.y,Chest.z,Chest.x,Chest.y,Neck.z,Neck.x,Neck.y,Head.z,Head.x,Head.y,Shoulder_L.z,Shoulder_L.x,Shoulder_L.y,UpperArm_L.z,UpperArm_L.x,UpperArm_L.y,LowerArm_L.z,LowerArm_L.x,LowerArm_L.y,Hand_L.z,Hand_L.x,Hand_L.y,Shoulder_R.z,Shoulder_R.x,Shoulder_R.y,UpperArm_R.z,UpperArm_R.x,UpperArm_R.y,LowerArm_R.z,LowerArm_R.x,LowerArm_R.y,Hand_R.z,Hand_R.x,Hand_R.y,UpperLeg_L.z,UpperLeg_L.x,UpperLeg_L.y,LowerLeg_L.z,LowerLeg_L.x,LowerLeg_L.y,Foot_L.z,Foot_L.x,Foot_L.y,Toes_L.z,Toes_L.x,Toes_L.y,UpperLeg_R.z,UpperLeg_R.x,UpperLeg_R.y,LowerLeg_R.z,LowerLeg_R.x,LowerLeg_R.y,Foot_R.z,Foot_R.x,Foot_R.y,Toes_R.z,Toes_R.x,Toes_R.y
   0.00000,   0.00000,   0.00000,  -0.00000,  90.04070,  -4.89258,   4.00262,  89.70940,  78.52280, -90.13160,  15.18770,  -0.14216,  -0.82608,  11.92750,  -1.62606,   2.14536, -10.85880,   0.43773,   0.17316, -90.35660,   1.03374, -85.97080, -67.57380,   7.07744,  -2.14244,  28.11760,   1.16897, -87.81410,   5.12720,   5.07526,   5.68351,  88.37560,   7.31035, -92.43560, -60.25440,   9.75756,   0.10179,  26.39240,   0.14195, -89.71450,  12.03650,   5.35582,  -1.55211,-173.03900,  -5.20300, -23.00070,   0.24216,  -0.18611,  51.48820,  -9.39999,   6.75771, -61.74390,   0.10003,  -0.16289, -19.45000,-178.96600,  13.33910, 156.06800,   0.39874,  -0.55715,  33.98140,   2.91300,   2.74453, -60.26090,   0.15342,  -0.17579, -18.28960
   0.03333,   0.00000,   0.00000,  -0.00000,  89.24200,  -5.94977,   4.08346,  87.70980,  78.73380, -88.04340,  14.74700,  -0.90925,  -0.54984,  12.30660,  -0.79208,   1.91577, -10.59540,   2.14369,  -0.01921, -90.13000,   0.39030, -86.59690, -66.44890,   7.41809,  -4.31456,  26.00920,   0.63424, -88.70100,   7.11742,   5.12686,   4.49687,  88.39460,   7.19783, -92.39120, -60.36020,  11.11230,   1.86458,  26.96730,   0.08604, -89.83150,  11.10300,   5.34446,  -1.21087,-172.15100,  -5.60656, -19.71390,   0.27987,  -0.18947,  54.58020,  -9.56572,   8.86269, -62.81440,   0.10438,  -0.17041, -19.58040,-177.80200,  12.77380, 155.32000,   0.36341,  -0.52175,  33.07070,   3.10642,   2.71311, -60.23510,   0.17913,  -0.20631, -18.58310
   0.06667,   0.00000,   0.00000,  -0.00000,  88.45710,  -6.80456,   4.24761,  85.53570,  78.71540, -85.78710,  14.73570,  -1.74968,  -0.27681,  12.83910,  -0.09678,   1.85775, -11.41950,   3.73050,  -0.05772, -89.92660,  -0.22854, -87.18170, -65.05610,   7.29653,  -6.86488,  24.56840,   0.13060, -89.71460,   8.61989,   5.15991,   3.70731,  88.38440,   7.14609, -92.22550, -60.12160,  12.14090,   3.02858,  27.34480,   0.00673, -89.98750,  10.39150,   5.34247,  -1.15200,-171.40300,  -5.65612, -16.24910,   0.30296,  -0.18727,  56.54540,  -9.73161,  10.83770, -63.59210,   0.10094,  -0.16445, -19.47710,-176.75500,  11.76200, 154.06100,   0.32595,  -0.46511,  32.89470,   3.18452,   2.33064, -59.75950,   0.17413,  -0.20035, -18.52600
   0.10000,   0.00000,   0.00000,  -0.00000,  87.85540,  -7.43605,   4.64752,  83.54710,  78.47570, -83.77700,  15.14230,  -2.57054,  -0.11853,  13.27770,   0.39264,   1.90928, -12.46320,   5.08972,   0.02053, -89.70430,  -0.95617, -87.80740, -63.77530,   6.62061,  -9.58860,  24.28690,  -0.33353, -90.73910,   9.10809,   5.17551,   3.32583,  88.35160,   7.13570, -91.95660, -59.79610,  12.69510,   3.88608,  27.56450,  -0.11967, -90.22980,   9.99677,   5.34232,  -1.14759,-171.23900,  -5.50917, -12.69140,   0.29096,  -0.16935,  57.35660,  -8.64242,  10.92980, -64.10580,   0.22904,  -0.40500, -23.57240,-175.96100,  11.13980, 152.49000,   0.28979,  -0.40430,  33.36570,   3.28586,   2.00095, -59.24010,   0.18289,  -0.21080, -18.62630
   0.13333,   0.00000,   0.00000,  -0.00000,  87.42990,  -7.65915,   4.51690,  81.51270,  78.35030, -81.78950,  15.28930,  -3.41025,  -0.09631,  13.55930,   0.64603,   1.98825, -13.13090,   6.05122,   0.42981, -89.50610,  -1.65432, -88.37530, -62.42650,   5.76385, -12.30600,  24.63080,  -0.74795, -91.63080,   8.89295,   5.16360,   3.61658,  88.28910,   7.26928, -91.71760, -59.65010,  12.54310,   4.90067,  28.06030,  -0.34458, -90.64680,   9.75039,   5.34478,  -1.22098,-172.05200,  -5.52118, -10.09050,   0.19697,  -0.11148,  55.80170,  -2.10911,   8.13317, -67.86650,   0.44470,  -0.95004, -32.38620,-175.33400,  10.71950, 150.08700,   0.23546,  -0.32037,  33.61160,   3.30643,   1.80515, -58.15390,   0.19348,  -0.22347, -18.74760
   0.16667,   0.00000,   0.00000,  -0.00000,  87.55920,  -7.56250,   4.41932,  79.79200,  78.09240, -80.33740,  15.68230,  -4.19813,  -0.51391,  13.91740,   0.70471,   2.06789, -14.40000,   6.48541,   1.29671, -89.38590,  -2.09300, -88.64160, -60.76820,   4.92174, -15.47720,  25.33130,  -1.01820, -92.14970,   8.40709,   5.14310,   4.10940,  88.12010,   7.79780, -91.40160, -59.50350,  11.73560,   5.80025,  28.64880,  -0.60417, -91.10610,   9.91360,   5.35179,  -1.43114,-173.04800,  -5.88605,  -8.71157,   0.11645,  -0.06611,  51.81420,   0.05400,   6.08781, -77.87890,   0.22902,  -0.40494, -23.57140,-175.33700,  10.29500, 147.88500,   0.18266,  -0.25416,  32.98210,   3.15402,   1.47373, -57.32790,   0.21033,  -0.24377, -18.94170
   0.20000,   0.00000,   0.00000,  -0.00000,  87.97410,  -6.93398,   4.23171,  78.88270,  77.70930, -79.81330,  16.35540,  -4.73630,  -1.18323,  13.96830,   0.33751,   2.29175, -15.82310,   6.38916,   2.34771, -89.37490,  -2.18620, -89.03740, -58.82770,   4.00256, -18.85480,  26.46400,  -1.12776, -92.26430,   7.76404,   5.11867,   4.68281,  87.80840,   8.73681, -90.85910, -59.78630,  10.07250,   6.77599,  29.65770,  -0.86721, -91.52290,  10.11990,   5.36783,  -1.91904,-174.55400,  -5.28869, -11.04830,   0.08812,  -0.04684,  51.45000,   1.53743,   3.70885, -81.26140,  -0.53122,  -0.86634, -20.46860,-175.81000,   9.91650, 146.49900,   0.13961,  -0.19902,  30.89420,   2.64030,   0.57795, -57.95930,   0.23950,  -0.27926, -19.27940
   0.23333,   0.00000,   0.00000,  -0.00000,  88.19620,  -6.15316,   4.35071,  79.24150,  77.20570, -80.49020,  17.36420,  -4.79861,  -1.76953,  14.17670,  -0.07680,   2.22626, -17.31430,   5.79077,   3.75913, -89.39390,  -2.13311, -89.13290, -56.85820,   3.71497, -22.33110,  27.63520,  -0.78160, -91.49290,   7.56192,   5.10368,   5.02907,  87.61180,   9.27364, -90.48990, -61.42330,   7.76138,   8.05649,  30.72900,  -0.99654, -91.67630,  10.65180,   5.37944,  -2.28024,-175.41500,  -3.63229, -14.42180,   0.08898,  -0.04675,  52.81650,   1.68103,   2.68684, -81.18970,  -0.67838,  -0.94799, -19.15220,-176.28100,   9.73550, 146.90400,   0.06541,  -0.09753,  26.95610,   2.02443,  -1.02653, -59.48000,   0.24956,  -0.29157, -19.39620
   0.26667,   0.00000,   0.00000,  -0.00000,  88.76420,  -6.31788,   5.26188,  80.85510,  76.72290, -82.53450,  18.42500,  -4.29467,  -2.67061,  14.60330,  -0.36404,   1.76499, -17.75370,   4.88956,   4.92444, -89.42670,  -1.94752, -88.59290, -55.54450,   4.23285, -24.66650,  29.40970,  -0.33838, -90.60060,   6.70455,   5.06639,   5.88148,  87.71790,   8.97933, -90.67700, -64.04530,   5.71066,   9.62537,  31.09950,  -0.94882, -91.57290,  11.08750,   5.38059,  -2.31683,-176.20000,  -4.23790, -16.24770,   0.09839,  -0.05358,  53.39550,   2.10949,   2.89683, -79.78710,  -0.58675,  -0.80745, -18.52400,-176.97000,   9.97448, 149.12100,  -0.03897,   0.12839,  22.07150,   1.27992,  -2.57144, -61.32570,   0.25294,  -0.29573, -19.43570
   0.30000,   0.00000,   0.00000,  -0.00000,  89.21070,  -7.18448,   6.15878,  82.62450,  76.42110, -84.61850,  19.13260,  -3.61118,  -3.39050,  14.84460,  -0.30456,   1.50195, -17.19950,   4.38049,   4.77156, -89.49070,  -1.64813, -87.82440, -55.52210,   4.73233, -24.70230,  31.48310,  -0.45860, -90.74860,   4.87575,   5.00437,   7.22982,  87.91440,   8.50194, -91.16270, -65.91910,   5.24305,  10.54430,  31.31160,  -0.91970, -91.51190,  11.17710,   5.37726,  -2.21329,-176.71300,  -5.55839, -17.07780,   0.10668,  -0.06209,  52.70330,   2.37475,   3.34909, -78.04020,  -0.51647,  -0.68716, -17.91730,-178.02200,  11.05050, 151.39300,  -0.07694,   0.25991,  18.25220,  -6.32738,  -3.62020, -59.85380,   0.24587,  -0.28705, -19.35330
   0.33333,   0.00000,   0.00000,  -0.00000,  89.04280,  -7.78346,   6.42823,  83.65140,  76.34550, -85.63200,  19.34330,  -3.15537,  -3.43490,  15.15770,  -0.13408,   1.18786, -17.05850,   4.06973,   4.26946, -89.59300,  -1.26526, -87.16310, -56.54520,   5.04133, -22.43380,  30.83070,  -0.85256, -91.42860,   4.80462,   5.00669,   7.18049,  88.01530,   8.31559, -91.52540, -66.45470,   6.43106,  10.38980,  31.60490,  -0.93101, -91.51300,  10.85830,   5.38501,  -2.45722,-176.72900,  -5.58020, -17.88390,   0.10433,  -0.06662,  51.01160,   2.18388,   2.91324, -75.61640,  -0.47788,  -0.61719, -17.55240,-178.58500,  11.57310, 152.40800,  -0.00769,   0.03520,  18.90460,  -8.84296,  -3.30969, -56.87200,   0.21691,  -0.25174, -19.01760
   0.36667,   0.00000,   0.00000,  -0.00000,  88.83380,  -7.85876,   6.84369,  84.12500,  76.25570, -86.00510,  19.54970,  -2.94565,  -3.26371,  15.34380,  -0.24011,   1.04177, -17.17010,   3.54052,   4.02774, -89.71820,  -0.84964, -86.64650, -57.90510,   5.49694, -18.86900,  28.43380,  -1.07101, -91.97740,   6.29579,   5.05938,   6.03328,  88.02160,   8.38164, -91.66830, -66.30310,   8.24492,   9.56245,  31.51020,  -0.96335, -91.57140,  10.46130,   5.38698,  -2.52020,-176.59600,  -4.80643, -17.85680,   0.09764,  -0.07003,  48.45820,   1.72013,   2.38252, -72.92020,  -0.40558,  -0.51808, -17.31820,-179.84500,  11.38010, 152.84500,   0.04252,  -0.08847,  24.15040, -10.50140,  -1.48630, -55.65200,   0.21965,  -0.25506, -19.04920
   0.40000,   0.00000,   0.00000,  -0.00000,  88.77820,  -7.74582,   7.13559,  84.71960,  76.30990, -86.53150,  19.47220,  -2.65029,  -3.17955,  15.51890,  -0.49614,   1.24767, -17.16920,   2.64982,   4.05328, -89.81680,  -0.53673, -86.15470, -59.32320,   6.24663, -14.94660,  27.37060,  -1.10718, -92.13760,   6.91228,   5.09140,   5.31019,  88.02870,   8.41586, -91.76560, -66.20510,   9.71270,   8.64596,  31.59720,  -0.99496, -91.61740,  10.08420,   5.38096,  -2.32873,-176.45000,  -4.42243, -17.43330,   0.09144,  -0.07492,  45.17830,   1.38404,   2.36441, -70.12820,  -0.24553,  -0.31933, -17.07940, 178.74900,  10.63370, 153.11800,   0.07731,  -0.12231,  30.99340, -10.12940,  -0.15476, -55.43540,   0.20400,  -0.23614, -18.86860
   0.43333,   0.00000,   0.00000,  -0.00000,  88.75050,  -7.31734,   7.10376,  85.58750,  76.53830, -87.30440,  19.05620,  -2.19739,  -3.07411,  15.63980,  -0.92316,   1.64268, -16.79720,   1.35496,   4.36662, -89.87440,  -0.35935, -85.73060, -60.52200,   7.37756, -11.21400,  28.07650,  -1.01234, -91.89720,   6.31853,   5.07321,   5.72289,  88.08010,   8.33598, -91.98120, -66.38350,  10.29050,   8.05735,  31.73490,  -1.17239, -91.89530,   9.91458,   5.36752,  -1.90994,-176.22300,  -4.13699, -17.22810,   0.08487,  -0.07976,  41.69630,   0.85342,   2.78789, -67.21990,  -0.10231,  -0.13989, -16.85480, 177.44700,  10.15210, 153.74700,   0.12572,  -0.15773,  37.47850,  -9.39581,   0.07117, -55.64900,   0.19737,  -0.22816, -18.79240
   0.46667,   0.00000,   0.00000,  -0.00000,  88.83850,  -6.46446,   6.99339,  86.56250,  76.80730, -88.16110,  18.55550,  -1.70113,  -2.92666,  15.74830,  -1.51351,   2.01624, -16.28740,  -0.22414,   4.83175, -89.91760,  -0.23032, -85.30070, -61.32930,   8.88542,  -7.93528,  29.30920,  -0.84148, -91.49870,   5.07043,   5.03447,   6.58123,  88.15370,   8.15195, -92.19250, -66.57250,  10.30600,   7.52993,  31.12330,  -1.40866, -92.33200,  10.03820,   5.35951,  -1.66570,-176.11000,  -3.91123, -17.26880,   0.07714,  -0.08207,  38.43480,   0.26445,   3.57061, -64.39140,   0.00756,  -0.01170, -16.78680, 176.03900,   9.88220, 154.91900,   0.18263,  -0.18620,  43.44030,  -8.49565,  -0.09771, -56.32450,   0.19467,  -0.22490, -18.76140
   0.50000,   0.00000,   0.00000,  -0.00000,  89.05610,  -5.50205,   7.12106,  87.93490,  76.94260, -89.42640,  18.32170,  -1.05997,  -2.81872,  15.97720,  -2.06836,   2.31629, -16.29250,  -1.88133,   5.25138, -89.98300,  -0.04615, -84.75550, -61.62390,  10.45160,  -5.29616,  30.04360,  -0.73187, -91.26520,   3.67704,   5.00361,   7.24302,  88.21900,   7.92463, -92.29050, -66.48910,  10.06280,   6.72255,  30.90010,  -1.75778, -92.93440,  10.22390,   5.35042,  -1.39041,-176.04500,  -3.56693, -17.52320,   0.04835,  -0.05166,  35.92230,  -0.90421,   4.33416, -61.49680,   0.01885,  -0.02934, -17.10150, 174.55800,   9.60985, 156.94700,   0.24085,  -0.20361,  48.61000,  -7.76198,   0.04594, -57.32850,   0.19256,  -0.22239, -18.73720
   0.53333,   0.00000,   0.00000,  -0.00000,  89.41800,  -4.64881,   7.27767,  89.62850,  76.99170, -91.04200,  18.24810,  -0.29432,  -2.78592,  16.19280,  -2.64012,   2.55385, -16.47220,  -3.57528,   5.44831, -90.07950,   0.20933, -84.21210, -61.64050,  11.74890,  -2.98723,  29.87480,  -0.77235, -91.34430,   3.20196,   4.99763,   7.36944,  88.32570,   7.65433, -92.62200, -66.03280,   9.49350,   5.59200,  30.95840,  -2.18727, -93.64080,  10.38120,   5.34528,  -1.23605,-176.21100,  -2.56169, -18.31030,   0.06580,  -0.07957,  34.46440,  -1.41778,   4.20096, -59.16020,   0.03464,  -0.05437, -17.54610, 173.13700,   9.27187, 159.57200,   0.28843,  -0.20747,  52.80250,  -6.97989,   0.56261, -59.06850,   0.20550,  -0.23795, -18.88600
   0.56667,   0.00000,   0.00000,  -0.00000,  89.82950,  -3.96160,   7.51339,  91.63350,  76.90600, -92.96310,  18.42070,   0.60909,  -2.76406,  16.39860,  -3.09960,   2.69195, -17.07510,  -5.06403,   5.47226, -90.22520,   0.57446, -83.59630, -61.52750,  12.61940,  -1.13072,  28.94530,  -0.89073, -91.61020,   3.51989,   5.00943,   7.11869,  88.42250,   7.39711, -92.92580, -65.08550,   8.90048,   4.04373,  30.64220,  -2.62515, -94.42160,  10.85300,   5.33653,  -0.97747,-176.33900,  -1.50142, -19.54870,   0.08719,  -0.11199,  33.95680,  -2.02451,   3.78428, -57.53150,   0.04623,  -0.07302, -17.87610, 171.92900,   8.81272, 162.68700,   0.32675,  -0.20761,  55.78970,  -6.51013,   1.35923, -60.34920,   0.21234,  -0.24620, -18.96490
   0.60000,   0.00000,   0.00000,  -0.00000,  90.43110,  -3.40440,   7.68335,  93.74470,  76.74520, -95.07350,  18.71210,   1.57088,  -2.92281,  17.02520,  -3.41624,   2.84901, -18.50600,  -6.39282,   5.62243, -90.28370,   0.70156, -82.98430, -61.84480,  12.70640,   0.23758,  28.42800,  -1.00019, -91.84700,   3.80249,   5.02351,   6.81514,  88.50460,   7.13968, -93.13830, -63.90320,   8.07452,   2.06796,  30.54160,  -3.05032, -95.15380,  10.81820,   5.33190,  -0.84092,-176.54300,  -0.96196, -21.26760,   0.10216,  -0.13191,  34.06250,  -2.62059,   3.70589, -56.46230,   0.06173,  -0.09834, -18.32210, 170.85100,   8.46480, 165.90200,   0.36066,  -0.21182,  57.51810,  -6.53437,   2.32785, -60.61110,   0.30434,  -0.35966, -20.03880
   0.63333,   0.00000,   0.00000,  -0.00000,  91.10790,  -2.90448,   7.74877,  95.61990,  76.53040, -96.98260,  19.08770,   2.45017,  -3.14489,  17.91450,  -3.62539,   3.12244, -20.63120,  -7.65287,   5.58856, -90.32030,   0.76754, -82.35100, -62.26270,  12.12210,   1.15469,  28.43660,  -1.20029, -92.21520,   3.62420,   5.01805,   6.93319,  88.59010,   6.80068, -93.25840, -62.60850,   7.25493,  -0.22234,  30.75500,  -3.57298, -95.97900,  10.95220,   5.33079,  -0.80850,-176.72900,  -0.71691, -23.43210,   0.10163,  -0.12877,  34.38150,  -3.26669,   3.78881, -55.26370,   0.07058,  -0.11301, -18.57950, 170.18900,   8.21390, 169.03300,   0.35775,  -0.20094,  58.07750,  -6.03375,   2.81751, -62.57900,   0.69936,  -0.90255, -24.97400
   0.66667,   0.00000,   0.00000,  -0.00000,  91.67350,  -2.41946,   7.52559,  97.21920,  76.33210, -98.56750,  19.41560,   3.22631,  -3.25679,  18.42890,  -3.71048,   3.57109, -22.38230,  -8.57756,   5.05720, -90.43300,   1.01251, -81.84480, -62.56300,  11.08930,   1.71816,  28.77770,  -1.47674, -92.68630,   3.46764,   5.00709,   7.16847,  88.66420,   6.46084, -93.29250, -61.19750,   6.36798,  -2.69633,  30.63090,  -4.21492, -97.07600,  11.26590,   5.32319,  -0.58774,-176.68200,  -0.35638, -26.07730,   0.08916,  -0.10971,  34.56980,  -4.09706,   3.69050, -54.20180,   0.08456,  -0.13651, -18.99040, 170.21900,   8.04637, 171.57600,   0.30835,  -0.17946,  56.24380,  -5.22609,   2.26149, -65.28090,   1.29962,  -1.98399, -34.06510
   0.70000,   0.00000,   0.00000,  -0.00000,  91.82430,  -1.75081,   7.09399,  98.10470,  76.12950, -99.28300,  19.76770,   3.70296,  -3.00959,  18.25600,  -3.91999,   3.66336, -23.33030,  -9.33909,   4.65169, -90.65260,   1.50119, -81.50570, -62.71970,   9.58620,   2.21872,  29.73720,  -1.98176, -93.46400,   3.14780,   4.99581,   7.40788,  88.71060,   6.28064, -93.37390, -59.66530,   5.36588,  -5.34387,  30.43820,  -4.95249, -98.35840,  11.57030,   5.31308,  -0.29761,-176.10500,   0.16789, -28.80070,   0.06809,  -0.08414,  33.97420,  -5.12497,   3.66096, -53.28510,   0.10038,  -0.16352, -19.46070, 170.96700,   9.46845, 173.14200,   0.19277,  -0.11928,  52.09190,  -4.17626,   2.74054, -75.68720,   0.80766,  -1.07033, -26.44080
   0.73333,   0.00000,   0.00000,  -0.00000,  91.69270,  -1.44478,   6.28654,  98.63030,  75.97810, -99.51320,  20.02800,   4.02016,  -2.48205,  17.09320,  -4.05868,   3.67500, -23.68640,  -9.56678,   3.66543, -91.04440,   2.36805, -81.19330, -63.17960,   7.49314,   3.01306,  30.11320,  -2.56075, -94.40510,   2.99424,   4.99176,   7.49480,  88.73200,   6.25930, -93.52380, -57.90710,   4.32939,  -8.06569,  30.08660,  -5.67115, -99.67990,  12.02140,   5.31432,  -0.33238,-175.22400,   0.12065, -31.30220,   0.05104,  -0.06633,  32.36770,  -6.20315,   3.55369, -53.60070,   0.11486,  -0.18870, -19.89710, 172.77100,  10.79530, 171.37000,   0.15790,  -0.09971,  50.68390,  -2.42012,   0.94841, -83.34180,   0.26362,  -0.30889, -19.56020
   0.76667,   0.00000,   0.00000,  -0.00000,  91.48320,  -1.91461,   5.52399,  98.91050,  75.72190, -99.48240,  20.50800,   4.25645,  -1.91829,  15.63790,  -3.89055,   3.68777, -24.30530,  -9.06959,   2.31790, -91.45340,   3.26190, -80.96860, -64.73110,   4.67870,   4.02508,  30.16000,  -2.92357, -95.01610,   2.94917,   4.99842,   7.35313,  88.76930,   6.25495, -93.84550, -55.92060,   3.44761, -10.87800,  29.57600,  -6.09737,-100.60100,  12.62010,   5.31353,  -0.31051,-174.25400,  -0.24561, -32.39600,   0.03401,  -0.05111,  28.87110,  -7.16290,   2.40438, -54.47850,   0.11523,  -0.18936, -19.90850, 174.39900,  10.52510, 166.25000,   0.17144,  -0.10299,  53.25380,  -1.57466,   0.22398, -83.74610,   0.18592,  -0.21442, -18.66090
   0.80000,   0.00000,   0.00000,  -0.00000,  91.72590,  -2.11173,   5.69416,  97.75340,  75.31040, -98.18280,  21.39320,   3.81241,  -1.58278,  14.77320,  -3.64924,   3.81449, -24.55760,  -8.27631,   1.40009, -91.48580,   3.37586, -81.22820, -67.71330,   1.54938,   5.26069,  31.38850,  -3.15570, -95.15560,   2.48438,   4.98783,   7.57830,  88.74830,   6.39673, -93.90430, -54.15000,   2.97657, -13.25830,  29.85060,  -6.21970,-100.69100,  12.62620,   5.31584,  -0.37629,-174.02300,  -0.21064, -31.17610,   0.01821,  -0.03425,  24.20320,  -7.36685,  -0.11507, -56.24170,   0.09666,  -0.15712, -19.34960, 174.82000,  11.61070, 162.47300,   0.21380,  -0.12675,  55.24640,  -0.22641,   0.84272, -81.57810,   0.18289,  -0.21079, -18.62620
   0.83333,   0.00000,   0.00000,  -0.00000,  91.69950,  -1.55877,   6.17573,  96.14010,  75.02750, -96.43870,  22.03820,   3.08008,  -1.19987,  14.82830,  -3.68065,   4.08248, -24.40970,  -7.73958,   1.56531, -91.27410,   2.98997, -81.90810, -69.99140,   0.09372,   5.81222,  32.83060,  -3.18746, -94.92560,   1.87895,   4.94426,   8.48507,  88.61070,   6.87248, -93.54260, -53.34660,   2.80256, -14.17890,  30.67040,  -6.23881,-100.38400,  12.38910,   5.31790,  -0.43556,-174.27600,  -1.14907, -30.11820,   0.01781,  -0.04086,  21.82520,  -8.31416,  -2.34129, -56.14610,   0.09162,  -0.14849, -19.19930, 175.24700,  13.59620, 160.86200,   0.11599,  -0.06111,  54.93660,   0.24631,   1.97534, -79.57180,   0.15330,  -0.17566, -18.28860
   0.86667,   0.00000,   0.00000,  -0.00000,  91.69430,  -1.90151,   6.40369,  95.51950,  74.96680, -95.86420,  22.18830,   2.77026,  -1.23594,  14.65640,  -3.66073,   4.24984, -23.14010,  -7.17119,   1.92251, -91.29320,   3.07680, -82.18990, -70.01480,   1.22989,   5.40394,  33.71800,  -3.13792, -94.68910,   0.46815,   4.91552,   9.06701,  88.49350,   7.27805, -93.27190, -53.68250,   2.96202, -13.38180,  31.16430,  -6.24588,-100.19800,  12.56820,   5.31625,  -0.38773,-174.66400,  -3.40318, -30.68040,   0.03948,  -0.08019,  25.83690,  -8.08161,  -1.68678, -55.00760,   0.08797,  -0.14227, -19.09100, 176.08200,  13.38920, 159.66700,   0.11853,  -0.06892,  53.36220,   0.92975,   1.68263, -76.78830,   0.13831,  -0.15798, -18.11790
   0.90000,   0.00000,   0.00000,  -0.00000,  91.73600,  -2.68770,   6.74957,  94.93450,  74.96390, -95.44310,  22.22090,   2.45252,  -1.50357,  14.49540,  -3.43851,   4.16004, -22.01170,  -6.42022,   2.09748, -91.38960,   3.31639, -82.25010, -68.86090,   3.30350,   4.60489,  32.56690,  -3.02906, -94.72950,  -0.52463,   4.92765,   8.82106,  88.40070,   7.52977, -92.97240, -54.86290,   3.56717, -11.73970,  31.09030,  -6.16454,-100.09800,  12.85580,   5.31726,  -0.41696,-174.30900,  -4.09606, -30.78660,   0.07271,  -0.11269,  32.62400,  -7.11380,   0.12371, -55.20870,   0.09057,  -0.14669, -19.16800, 176.67300,  12.33910, 159.43800,   0.12384,  -0.08250,  50.71600,   1.26251,   1.28829, -73.73950,   0.13101,  -0.14944, -18.03550
   0.93333,   0.00000,   0.00000,  -0.00000,  91.58230,  -3.25612,   7.18038,  93.92340,  75.00640, -94.51490,  22.17040,   1.92230,  -1.56485,  14.34880,  -3.25387,   3.72414, -20.93620,  -5.49626,   2.14925, -91.38800,   3.36432, -82.56500, -67.70410,   5.15968,   3.75806,  31.29490,  -3.17697, -95.20930,  -0.55502,   4.93489,   8.67494,  88.33440,   7.68820, -92.73710, -56.20150,   4.44224,  -9.42800,  30.77740,  -6.13905,-100.18000,  13.14290,   5.32212,  -0.55617,-173.57200,  -3.40956, -29.78970,   0.11314,  -0.13705,  39.29570,  -7.26434,   0.68466, -55.91750,   0.09224,  -0.14955, -19.21780, 177.15500,  12.33550, 160.00600,   0.13321,  -0.10352,  47.30650,   1.76254,   1.73038, -70.56590,   0.11749,  -0.13367, -17.88270
   0.96667,   0.00000,   0.00000,  -0.00000,  91.30700,  -4.05993,   7.41018,  92.95350,  75.19170, -93.60070,  21.82450,   1.40690,  -1.57118,  14.40860,  -2.96089,   3.18742, -19.80650,  -4.35700,   1.97713, -91.24590,   3.06271, -82.85150, -66.95030,   6.49156,   2.71038,  30.97700,  -3.63254, -96.02490,  -0.25782,   4.94728,   8.42258,  88.25280,   7.86121, -92.42720, -57.08220,   5.85276,  -6.99233,  30.44970,  -6.09052,-100.23100,  13.47020,   5.32749,  -0.71274,-172.86900,  -3.03087, -28.05210,   0.15604,  -0.15212,  45.26620,  -7.50554,   0.98491, -57.47370,   0.09447,  -0.15335, -19.28400, 177.74900,  12.54270, 160.52300,   0.14990,  -0.13589,  43.73530,   2.30686,   2.63296, -67.38110,   0.10207,  -0.11576, -17.70880
   1.00000,   0.00000,   0.00000,  -0.00000,  90.87540,  -5.13321,   7.38808,  92.14150,  75.46800, -92.82720,  21.28620,   0.97836,  -1.56054,  14.78030,  -2.50719,   2.68810, -19.23160,  -3.11317,   1.75631, -91.05620,   2.62508, -83.07430, -66.13270,   7.43581,   1.42345,  29.74970,  -4.14066, -97.20100,   0.72457,   4.97271,   7.89676,  88.14290,   8.09527, -92.03340, -57.44620,   7.66701,  -4.73777,  30.08210,  -6.03767,-100.29200,  13.62170,   5.33274,  -0.86635,-172.10300,  -2.83326, -25.99390,   0.20090,  -0.16109,  50.59340,  -7.41672,   1.71737, -58.79050,   0.09536,  -0.15487, -19.31040, 178.62000,  12.25030, 160.68400,   0.18046,  -0.18899,  40.39870,   2.70073,   3.35164, -64.31670,   0.10051,  -0.11396, -17.69140
   1.03333,   0.00000,   0.00000,  -0.00000,  90.41320,  -6.19189,   7.39640,  91.13990,  75.71860, -91.86410,  20.79520,   0.47269,  -1.54027,  14.84280,  -2.01156,   2.24627, -18.65170,  -1.71960,   1.52719, -90.87270,   2.19865, -83.34670, -64.91700,   8.02988,   0.10634,  27.79430,  -4.73733, -98.90600,   2.02957,   5.00462,   7.22450,  88.06160,   8.22298, -91.68720, -57.75290,   9.53951,  -2.57555,  29.64100,  -6.03492,-100.46800,  13.78520,   5.33876,  -1.04296,-171.37500,  -2.52765, -23.31490,   0.24455,  -0.16622,  54.85200,  -7.92924,   3.70195, -59.90080,   0.09806,  -0.15949, -19.39080, 179.47500,  11.77720, 160.49100,   0.18998,  -0.21936,  37.83930,   2.95160,   3.84297, -61.60180,   0.11281,  -0.12821, -17.82980
   1.06667,   0.00000,   0.00000,  -0.00000,  90.02660,  -7.08224,   7.26565,  89.78510,  75.97610, -90.56070,  20.28080,  -0.18703,  -1.52283,  14.64510,  -1.46924,   1.90707, -17.92890,  -0.29558,   1.18948, -90.69240,   1.78250, -83.76780, -63.60510,   8.11444,  -1.30115,  25.47510,  -5.19166,-100.75500,   3.56405,   5.04048,   6.44900,  87.97720,   8.39440, -91.39940, -57.81350,  11.27400,  -0.68889,  29.17850,  -6.05503,-100.69800,  13.65470,   5.34269,  -1.15947,-170.90100,  -2.10691, -20.33820,   0.28092,  -0.16853,  57.81860,  -8.87674,   6.83786, -61.02310,   0.10025,  -0.16327, -19.45650,-179.77200,  11.09430, 159.58500,   0.18695,  -0.23006,  36.23390,   3.06990,   4.03935, -59.23130,   0.12117,  -0.13794, -17.92410
   1.10000,   0.00000,   0.00000,  -0.00000,  89.51240,  -7.64083,   7.16169,  88.16860,  76.12050, -88.93840,  19.97450,  -0.94888,  -1.37727,  14.54070,  -1.03117,   1.69120, -17.77040,   1.04985,   1.03361, -90.51910,   1.36296, -84.15000, -62.17590,   7.89841,  -3.27560,  23.89270,  -5.55850,-102.33400,   4.60948,   5.06434,   5.92018,  87.87440,   8.64052, -91.12310, -57.74390,  12.62720,   0.84569,  28.85340,  -6.04726,-100.82500,  13.46960,   5.34464,  -1.21710,-170.57800,  -1.44176, -17.09580,   0.30181,  -0.16911,  59.24600,  -9.95245,  10.63800, -61.49100,   0.10239,  -0.16696, -19.52050,-178.98900,  10.28090, 158.24500,   0.17301,  -0.21686,  35.36990,   3.04006,   3.76061, -57.07540,   0.12027,  -0.13690, -17.91410
   1.13333,   0.00000,   0.00000,  -0.00000,  88.92630,  -7.94934,   7.12819,  86.67130,  76.13970, -87.39270,  19.90330,  -1.64989,  -1.15762,  14.43650,  -0.72483,   1.57097, -17.59650,   2.01372,   1.17250, -90.36620,   0.98541, -84.61510, -60.76000,   7.42807,  -5.86958,  23.39620,  -5.90903,-103.38400,   4.86036,   5.06198,   5.97265,  87.76240,   8.97515, -90.93910, -57.63940,  13.34720,   2.09265,  28.60990,  -5.92130,-100.71000,  13.40460,   5.34801,  -1.31734,-170.62600,  -1.15950, -13.63980,   0.28720,  -0.15755,  59.17410,  -9.63090,  12.53850, -62.34370,   0.18919,  -0.32562, -22.23790,-178.30000,   9.28569, 156.67100,   0.15775,  -0.20251,  34.88610,   2.84320,   3.14877, -54.93940,   0.10283,  -0.11665, -17.71760
   1.16667,   0.00000,   0.00000,  -0.00000,  88.15360,  -7.95873,   6.80685,  85.14390,  76.17520, -85.72850,  19.78410,  -2.35034,  -0.76294,  14.39190,  -0.50713,   1.61316, -17.30550,   2.70664,   1.49091, -90.25580,   0.70045, -84.94220, -59.48720,   6.89617,  -9.01619,  24.19300,  -6.30862,-103.74400,   4.40487,   5.03963,   6.46528,  87.68960,   9.26060, -90.92520, -57.60700,  13.44590,   3.04542,  28.75880,  -5.76151,-100.36600,  13.33950,   5.35313,  -1.47215,-171.05400,  -2.02897, -10.80440,   0.21474,  -0.11901,  57.30880,  -4.24025,   9.44284, -63.97780,   0.45536,  -0.98515, -32.93720,-177.53100,   8.13446, 154.73800,   0.13370,  -0.17449,  34.09620,   2.49272,   1.92331, -52.37190,   0.08839,  -0.09999, -17.55540
   1.20000,   0.00000,   0.00000,  -0.00000,  87.65720,  -7.62670,   6.23557,  83.63740,  76.22800, -84.15130,  19.61420,  -3.03949,  -0.50531,  14.52130,  -0.37820,   1.83978, -17.42790,   3.12935,   2.04478, -90.18070,   0.50151, -85.19300, -58.29910,   6.59682, -12.62440,  25.06470,  -6.41019,-103.42700,   4.04134,   5.02456,   6.79297,  87.57670,   9.58672, -90.74280, -57.55700,  13.21460,   3.70588,  29.32350,  -5.71005,-100.04500,  13.41680,   5.36055,  -1.69608,-171.49400,  -3.38910,  -8.59012,   0.12941,  -0.07592,  52.30480,  -1.24158,   6.40666, -73.71160,   0.35437,  -0.69125, -28.26790,-177.15700,   7.15193, 152.55100,   0.10849,  -0.13965,  32.64420,   2.10757,   0.73542, -49.66230,   0.10011,  -0.11350, -17.68690
   1.23333,   0.00000,   0.00000,  -0.00000,  87.99880,  -6.86471,   5.89007,  82.14940,  76.11530, -82.87390,  19.74950,  -3.78553,  -0.79448,  14.28310,  -0.59045,   2.21013, -17.56370,   3.30315,   2.84073, -90.15330,   0.43735, -85.68220, -56.91480,   6.38119, -16.25920,  25.35940,  -6.07314,-102.58300,   4.22013,   5.02546,   6.77325,  87.33830,  10.20590, -90.29850, -57.58940,  12.53530,   4.12003,  29.81010,  -5.72258, -99.87280,  13.56020,   5.37577,  -2.16528,-173.13200,  -3.60344,  -8.83520,   0.08015,  -0.04522,  48.98590,   0.31319,   3.40252, -79.79120,   0.13776,  -0.22949, -20.59990,-177.70500,   7.24062, 150.86400,   0.05207,  -0.06840,  30.60650,   1.82631,   0.06039, -48.47770,   0.13445,  -0.15347, -18.07440
   1.26667,   0.00000,   0.00000,  -0.00000,  88.44430,  -5.69958,   5.40091,  81.10680,  75.95800, -82.07610,  19.98410,  -4.34737,  -1.17904,  14.21430,  -1.02762,   2.17837, -18.36140,   3.04226,   4.18084, -90.09140,   0.26616, -86.05820, -55.47050,   6.46089, -19.88010,  26.91950,  -5.81992,-101.29500,   3.69131,   4.99399,   7.45132,  87.07440,  10.82110, -89.77270, -58.52940,  11.24270,   4.55934,  30.17310,  -5.75788, -99.79090,  13.68590,   5.38804,  -2.55271,-174.64600,  -0.94781, -12.17640,   0.07556,  -0.04325,  49.22790,   0.09790,   1.60616, -80.74420,   0.06747,  -0.10783, -18.48870,-178.24800,   8.26176, 149.78100,   0.01979,  -0.01720,  27.71120,   1.62052,  -0.33314, -49.39530,   0.17454,  -0.20085, -18.53080
   1.30000,   0.00000,   0.00000,  -0.00000,  88.59550,  -5.37701,   5.49066,  82.15130,  75.67110, -83.33090,  20.61720,  -3.95225,  -1.64900,  14.45230,  -1.38944,   1.76321, -19.32420,   2.45816,   5.58892, -90.01650,   0.04839, -86.23880, -54.15510,   6.93358, -23.03530,  29.62990,  -5.73133, -99.95900,   2.07995,   4.93686,   8.63746,  86.97980,  11.05720, -89.61870, -60.46340,   9.57628,   5.31931,  30.24610,  -5.73497, -99.72470,  14.27140,   5.39977,  -2.92940,-175.02900,  -1.14406, -15.58490,   0.08768,  -0.05300,  50.58130,   0.46118,   2.01865, -78.40550,   0.06402,  -0.10213, -18.38880,-178.40000,   8.80202, 150.42800,  -0.00177,   0.03152,  23.80340,   1.47002,  -1.04548, -51.70050,   0.20624,  -0.23884, -18.89450
   1.33333,   0.00000,   0.00000,  -0.00000,  89.02680,  -6.30177,   6.77124,  84.19740,  75.27890, -85.70400,  21.50730,  -3.07978,  -2.44066,  15.48800,  -1.31354,   0.83452, -19.99070,   1.93256,   6.43655, -89.87570,  -0.35549, -85.72150, -53.99050,   7.96454, -24.52810,  30.75120,  -5.26997, -98.77600,   1.38586,   4.90927,   9.19237,  87.23580,  10.49900, -90.15980, -62.69590,   8.75824,   6.05201,  29.90520,  -5.57413, -99.58610,  15.05150,   5.40145,  -2.98534,-175.30600,  -3.87515, -16.23780,   0.10547,  -0.06849,  50.33920,   1.20432,   3.71143, -76.64140,   0.05587,  -0.08873, -18.15320,-178.87200,   9.28339, 152.56300,  -0.04880,   0.15556,  20.48100,  -0.60370,  -2.04371, -53.52120,   0.21762,  -0.25259, -19.02580
   1.36667,   0.00000,   0.00000,  -0.00000,  89.25260,  -6.92172,   7.29281,  85.31230,  75.25820, -86.99210,  21.59770,  -2.54871,  -2.88740,  16.64300,  -1.07295,   0.15208, -20.48720,   1.74059,   6.46410, -89.82170,  -0.49615, -85.22750, -54.62580,   8.89651, -23.59620,  30.08500,  -5.00315, -98.56070,   1.99871,   4.91945,   8.98882,  87.44100,  10.05760, -90.64530, -63.72330,   9.44877,   6.05621,  29.90960,  -5.50613, -99.47010,  15.15510,   5.40167,  -2.99162,-175.70300,  -4.86555, -17.10100,   0.10890,  -0.07606,  49.18590,   1.42643,   3.99545, -74.44120,   0.04793,  -0.07575, -17.92430,-179.77000,  10.26510, 153.34300,  -0.01692,   0.06059,  21.02490,  -6.26519,  -2.87182, -51.95980,   0.20666,  -0.23934, -18.89930
   1.40000,   0.00000,   0.00000,  -0.00000,  89.24210,  -6.63614,   7.62095,  85.43230,  75.36080, -87.13460,  21.39770,  -2.47367,  -2.95086,  17.28760,  -1.04103,  -0.40919, -20.44340,   1.46067,   6.78923, -89.84210,  -0.43068, -84.85660, -55.78190,   9.70639, -21.08910,  28.53450,  -4.85985, -98.85620,   2.75372,   4.96284,   8.10076,  87.53750,   9.85985, -90.90220, -63.78370,  10.99550,   5.59731,  29.92920,  -5.49128, -99.43770,  14.96250,   5.40736,  -3.17820,-175.98400,  -3.99383, -17.69610,   0.10157,  -0.07714,  47.36460,   1.29540,   3.49144, -72.02760,   0.04415,  -0.06964, -17.81650, 178.95900,  11.00490, 153.41900,   0.06463,  -0.12390,  26.40510,  -9.00534,  -1.35851, -51.63290,   0.20285,  -0.23475, -18.85550
   1.43333,   0.00000,   0.00000,  -0.00000,  89.19790,  -6.30215,   8.00423,  85.77060,  75.50870, -87.52440,  21.11590,  -2.28762,  -3.09482,  17.76050,  -1.19964,  -0.59061, -20.23920,   0.89881,   7.38145, -89.87110,  -0.34829, -84.67760, -57.25800,  10.42220, -17.64970,  27.27780,  -4.76654, -99.15450,   3.52734,   4.99823,   7.35822,  87.59460,   9.81427, -91.15610, -63.57430,  12.44800,   4.94309,  29.75520,  -5.40554, -99.35780,  14.65850,   5.40811,  -3.20274,-175.99400,  -3.17184, -17.68380,   0.09318,  -0.07813,  44.90560,   0.91492,   3.15448, -69.49750,   0.03826,  -0.06017, -17.64880, 177.88900,  10.78810, 153.22000,   0.11256,  -0.15971,  34.43250,  -8.30492,  -0.64762, -52.44710,   0.19807,  -0.22899, -18.80050
   1.46667,   0.00000,   0.00000,  -0.00000,  89.33460,  -5.96271,   8.27327,  86.42960,  75.75780, -88.31180,  20.64140,  -1.94206,  -3.42397,  18.25630,  -1.44096,  -0.47966, -19.89030,  -0.05480,   7.91840, -89.93210,  -0.18185, -84.50880, -58.67490,  11.07420, -14.05340,  26.81380,  -4.59844, -99.01310,   3.89458,   5.01238,   7.05494,  87.68920,   9.64374, -91.45670, -63.67770,  13.33620,   4.27808,  29.82590,  -5.31537, -99.17910,  13.95730,   5.39454,  -2.75908,-175.89900,  -2.92997, -17.53690,   0.03536,  -0.02400,  42.05240,  -0.27139,   3.55008, -66.54850,   0.03647,  -0.05729, -17.59790, 176.57800,  10.19100, 153.83800,   0.17111,  -0.18608,  41.86810,  -7.81055,  -0.55134, -53.97300,   0.18726,  -0.21602, -18.67630
   1.50000,   0.00000,   0.00000,  -0.00000,  89.63730,  -5.22949,   8.38501,  87.05730,  76.08980, -89.10940,  19.99680,  -1.61417,  -3.83234,  18.88380,  -1.87280,  -0.43755, -19.35790,  -1.31628,   8.60765, -90.00200,   0.00519, -84.29410, -59.84350,  11.69400, -10.75180,  27.49800,  -4.38825, -98.36260,   3.68824,   5.00993,   7.10770,  87.81070,   9.40857, -91.83780, -64.10580,  13.45310,   3.77764,  30.17190,  -5.31185, -99.04820,  12.73600,   5.37470,  -2.13017,-175.97200,  -2.13990, -17.50950,   0.00099,   0.01444,  38.97930,  -1.70176,   3.66761, -63.37390,   0.03929,  -0.06182, -17.67820, 175.13700,   9.94850, 155.15400,   0.23422,  -0.20249,  48.33950,  -6.82762,  -0.47030, -55.61500,   0.20949,  -0.24275, -18.93190
   1.53333,   0.00000,   0.00000,  -0.00000,  89.97430,  -4.30674,   8.56990,  87.99940,  76.38350, -90.19070,  19.43430,  -1.15259,  -4.19738,  19.57620,  -2.41739,  -0.42363, -18.78590,  -2.83257,   9.13016, -90.03540,   0.09205, -83.95030, -60.91830,  12.31010,  -7.95066,  28.17830,  -3.90902, -97.25230,   3.76961,   5.00942,   7.11844,  87.95640,   9.04924, -92.21810, -64.55170,  13.27250,   3.32965,  30.05680,  -5.31301, -99.09140,  12.35330,   5.35926,  -1.65691,-176.19400,  -1.11046, -17.68070,   0.03596,  -0.03094,  36.42710,  -2.19880,   3.36386, -60.53690,   0.04960,  -0.07848, -17.97240, 173.68400,   9.94101, 157.46400,   0.29246,  -0.20767,  53.55730,  -6.02720,   0.05523, -57.84850,   0.19942,  -0.23061, -18.81600
   1.56667,   0.00000,   0.00000,  -0.00000,  90.24450,  -3.40997,   8.84582,  89.41770,  76.57290, -91.69930,  19.08140,  -0.49167,  -4.49248,  20.26430,  -2.96100,  -0.42213, -18.60820,  -4.33992,   9.57506, -89.96200,  -0.09673, -83.52180, -62.30890,  12.62980,  -5.62720,  28.09760,  -3.15136, -95.87900,   4.16898,   5.02382,   6.80871,  88.13030,   8.59219, -92.67480, -64.80620,  12.70510,   2.75910,  29.33010,  -5.27315, -99.28990,  12.25700,   5.35022,  -1.38414,-176.25400,  -0.47626, -18.18550,   0.08058,  -0.09542,  34.82730,  -2.66257,   3.24863, -58.75930,   0.07973,  -0.12833, -18.84770, 172.37400,   9.98074, 160.66800,   0.34580,  -0.21084,  57.27360,  -5.63077,   0.99670, -59.51540,   0.20977,  -0.24312, -18.93530
   1.60000,   0.00000,   0.00000,  -0.00000,  90.54770,  -2.58562,   8.97651,  91.22540,  76.70990, -93.58200,  18.81970,   0.33072,  -4.77952,  20.63410,  -3.50110,  -0.39983, -18.41110,  -6.13379,  10.23660, -89.92220,  -0.19404, -83.14910, -63.55000,  12.61790,  -3.45535,  28.94700,  -2.81825, -95.08020,   3.82992,   5.01233,   7.05691,  88.30570,   8.11118, -93.15980, -64.59370,  11.98520,   2.04163,  28.80280,  -5.27020, -99.48450,  12.38280,   5.34489,  -1.22454,-176.25300,  -0.06273, -19.34630,   0.09713,  -0.12048,  34.13240,  -3.16701,   3.17811, -58.02450,   0.10541,  -0.17221, -19.61160, 171.31500,  10.24740, 164.23100,   0.38363,  -0.21197,  59.37010,  -4.98317,   1.63679, -60.55200,   0.22811,  -0.26535, -19.14720
   1.63333,   0.00000,   0.00000,  -0.00000,  90.99940,  -1.80830,   8.57088,  93.03300,  76.89340, -95.54100,  18.44330,   1.12757,  -5.21057,  20.61060,  -4.05476,   0.22420, -18.51660,  -7.98069,  10.80030, -89.77570,  -0.54722, -82.71710, -65.19290,  12.17130,  -1.31891,  30.24820,  -2.86948, -94.90670,   3.79678,   4.99684,   7.38661,  88.46700,   7.61097, -93.57650, -63.78280,  11.55070,   1.03736,  28.62500,  -5.25859, -99.53270,  13.28870,   5.34520,  -1.23351,-176.32900,   0.38194, -21.48840,   0.08636,  -0.10556,  33.71030,  -3.75077,   3.11972, -57.02400,   0.12017,  -0.19804, -20.05850, 170.43500,  10.70200, 167.33700,   0.41012,  -0.21846,  59.95040,  -4.63230,   1.64288, -60.65320,   0.27200,  -0.31927, -19.65830
   1.66667,   0.00000,   0.00000,  -0.00000,  91.19020,  -1.02266,   7.72673,  94.68740,  77.14110, -97.18970,  17.91860,   1.84260,  -5.30551,  20.34750,  -4.36648,   1.09830, -18.86890,  -9.38006,  10.78590, -89.71520,  -0.68481, -82.41620, -66.65900,  11.60650,   1.14424,  29.82760,  -3.05362, -95.30850,   4.66255,   4.99632,   7.39819,  88.63600,   6.92072, -93.82230, -62.43470,  11.30520,  -0.39414,  28.67100,  -5.21741, -99.44190,  14.27790,   5.34713,  -1.29177,-175.97500,   0.84017, -24.45300,   0.06836,  -0.08028,  33.45460,  -4.50496,   3.09624, -55.82280,   0.12950,  -0.21462, -20.34440, 170.35500,  10.96210, 170.02200,   0.40109,  -0.21684,  59.07410,  -5.02069,   0.99861, -62.01720,   0.70718,  -0.91437, -25.07810
   1.70000,   0.00000,   0.00000,  -0.00000,  91.22310,  -0.66120,   6.81999,  96.35510,  77.30330, -98.75310,  17.54310,   2.55792,  -5.19988,  19.93640,  -4.46327,   1.59320, -19.42230, -10.23040,  10.62700, -89.74610,  -0.60154, -82.11480, -67.63560,  11.00350,   3.56973,  28.65200,  -3.18024, -95.79760,   5.56821,   5.02295,   6.82786,  88.79690,   6.33174, -94.21870, -60.48340,  10.81940,  -2.39735,  28.27120,  -5.15028, -99.47660,  14.34870,   5.34396,  -1.19664,-175.25700,   1.30708, -27.53650,   0.04636,  -0.04991,  32.85920,  -5.48189,   2.69985, -54.61750,   0.13821,  -0.23031, -20.61390, 171.25300,  10.30740, 171.96500,   0.32503,  -0.18854,  56.26710,  -3.98140,   0.46667, -64.95450,   1.30500,  -1.99584, -34.16060
   1.73333,   0.00000,   0.00000,  -0.00000,  91.05470,  -0.66500,   6.16326,  97.79370,  77.22380, -99.97930,  17.63690,   3.21655,  -4.87926,  19.31280,  -4.39463,   1.81550, -20.21600, -10.74300,  10.07880, -89.83200,  -0.39584, -81.99980, -68.27350,  10.15940,   5.65321,  28.62930,  -3.38246, -96.16880,   5.19572,   5.02973,   6.68109,  88.91740,   5.93513, -94.64350, -58.12450,   9.99302,  -5.13898,  28.40260,  -5.07386, -99.28870,  14.32310,   5.34409,  -1.20062,-174.08700,   1.83790, -29.99660,   0.02542,  -0.02335,  31.33580,  -6.72160,   2.02218, -54.16540,   0.14936,  -0.25058, -20.96150, 172.90300,   9.46301, 172.76100,   0.19535,  -0.11930,  52.15540,  -3.71244,   0.31507, -74.64790,   0.93378,  -1.27845, -28.22800
   1.76666,   0.00000,   0.00000,  -0.00000,  90.73940,  -0.62367,   5.38038,  98.30370,  77.05460,-100.11600,  17.93680,   3.51105,  -4.18675,  18.19690,  -4.33716,   1.99485, -21.08630, -10.83160,   8.84093, -90.00940,   0.02199, -81.94730, -68.77270,   9.14536,   7.22450,  30.20900,  -3.70931, -96.34050,   3.29119,   4.99543,   7.42253,  89.02180,   5.56020, -95.00570, -55.66480,   8.69801,  -8.27830,  28.67410,  -4.96491, -98.99270,  14.27180,   5.34846,  -1.33054,-172.77500,   2.22425, -31.92130,   0.00893,  -0.00194,  28.56110,  -7.90921,   1.31690, -54.69270,   0.15244,  -0.25627, -21.05870, 174.99700,   9.90837, 170.64600,   0.19286,  -0.12408,  51.09520,  -2.56936,  -1.69001, -83.03770,   0.39702,  -0.47847, -21.14620
   1.80000,   0.00000,   0.00000,  -0.00000,  90.50770,  -0.88953,   4.63131,  98.43920,  76.86890, -99.82500,  18.28520,   3.65498,  -3.36673,  17.42780,  -4.27676,   2.27854, -22.24020, -10.62660,   7.10003, -90.18470,   0.43649, -82.06940, -69.69600,   7.92555,   8.35848,  32.22490,  -3.79922, -96.00110,   0.61795,   4.94540,   8.46577,  89.10720,   5.15781, -95.16570, -53.37900,   7.22906, -11.26730,  29.29040,  -4.80047, -98.48550,  13.98530,   5.34913,  -1.35168,-171.77200,   2.12184, -32.44170,   0.00279,   0.00264,  23.84960,  -8.68045,   0.12986, -55.52010,   0.14280,  -0.23863, -20.75680, 176.17600,  10.00360, 165.76600,  -0.06202,   0.07718,  53.31010,  -2.85863,  -1.41435, -84.30810,   0.18976,  -0.21902, -18.70500
   1.83333,   0.00000,   0.00000,  -0.00000,  90.20010,  -1.11940,   5.04507,  97.42920,  76.38900, -98.38640,  19.28060,   3.35081,  -2.48933,  17.01800,  -4.10066,   2.84294, -23.14180,  -9.87785,   5.29770, -90.27250,   0.65207, -82.32400, -71.00810,   6.59420,   8.99224,  33.91710,  -3.42350, -95.07540,  -1.56850,   4.88487,   9.68447,  89.12140,   5.07407, -95.16360, -51.48230,   6.02178, -13.73740,  30.57230,  -4.57769, -97.69470,  13.50250,   5.35044,  -1.38996,-171.53100,   1.38225, -30.98480,   0.00364,  -0.00637,  19.41590,  -6.74694,  -1.17473, -57.76920,   0.11428,  -0.18769, -19.87950, 177.07900,  11.07150, 162.16000,  -0.02021,   0.04212,  55.34120,  -1.50766,  -0.79890, -82.41400,   0.17975,  -0.20705, -18.59030
   1.86666,   0.00000,   0.00000,  -0.00000,  90.33300,  -0.70874,   5.12812,  95.63160,  76.30540, -96.42120,  19.52330,   2.54981,  -2.02249,  17.41580,  -4.21683,   3.29867, -22.89930,  -9.20264,   4.66711, -90.17960,   0.44797, -83.15600, -72.02180,   6.07032,   9.06156,  36.31060,  -3.08973, -94.19530,  -4.08273,   4.77930,  11.71650,  89.03880,   5.37572, -94.84750, -50.85600,   5.39648, -14.50170,  31.80220,  -4.28318, -96.86840,  12.93710,   5.35081,  -1.40141,-172.42500,  -0.36802, -31.41030,   0.01531,  -0.04193,  19.86290,  -8.07417,  -2.36776, -56.14620,   0.09847,  -0.16021, -19.40330, 177.42500,  13.36280, 159.62900,   0.03886,  -0.00044,  55.33060,   0.03150,   0.43822, -79.86760,   0.15409,  -0.17656, -18.29730
   1.90000,   0.00000,   0.00000,  -0.00000,  90.38280,  -0.84568,   5.31077,  94.70860,  76.33730, -95.43980,  19.49100,   2.12087,  -1.83103,  17.66440,  -4.22529,   3.34408, -21.86900,  -8.57038,   4.66469, -90.13780,   0.35421, -83.74090, -71.88200,   6.80852,   8.07483,  37.48990,  -2.90374, -93.77850,  -6.77476,   4.69593,  13.23220,  88.96670,   5.57564, -94.48350, -51.93710,   5.06872, -13.30950,  32.09300,  -4.12060, -96.53660,  12.58160,   5.35031,  -1.38717,-172.70000,  -1.46987, -32.51310,   0.03773,  -0.07687,  26.28880,  -6.69551,  -0.62479, -55.96570,   0.10159,  -0.16558, -19.49670, 178.03000,  13.42400, 158.42100,   0.05739,  -0.01730,  53.55750,   0.69746,   0.31038, -76.86380,   0.15200,  -0.17410, -18.27360
   1.93333,   0.00000,   0.00000,  -0.00000,  90.51090,  -1.66954,   5.65410,  94.26850,  76.38670, -95.07310,  19.40710,   1.90237,  -1.93901,  17.56000,  -3.92070,   3.12189, -21.05130,  -7.63132,   4.53273, -90.17390,   0.45333, -84.01630, -71.00690,   7.84518,   6.58714,  36.03440,  -2.69929, -93.70410,  -6.26909,   4.72520,  12.70580,  88.91470,   5.72102, -94.24060, -53.84630,   5.21182, -10.82270,  30.98380,  -3.99374, -96.61630,  13.13130,   5.34230,  -1.14871,-172.49900,  -1.95049, -32.25940,   0.07127,  -0.10746,  33.55020,  -6.48978,   0.88160, -56.62700,   0.10096,  -0.16448, -19.47760, 178.40100,  12.23370, 158.31700,   0.07620,  -0.03782,  50.51650,   0.95807,  -0.10242, -73.49920,   0.13777,  -0.15735, -18.11190
   1.96666,   0.00000,   0.00000,  -0.00000,  90.56850,  -2.54687,   5.96270,  93.63840,  76.49120, -94.51030,  19.21560,   1.59229,  -2.01799,  17.25620,  -3.57135,   2.73441, -20.42420,  -6.37158,   4.22215, -90.21590,   0.57193, -84.32300, -70.00900,   8.56265,   4.93187,  33.80110,  -2.65262, -93.95470,  -3.46818,   4.81796,  10.99000,  88.85480,   5.90342, -94.00130, -55.85990,   5.66388,  -7.75518,  29.42110,  -3.83913, -96.77100,  13.61070,   5.33636,  -0.97143,-172.15900,  -1.97339, -30.71450,   0.11084,  -0.13213,  39.83430,  -7.01048,   1.67318, -57.50720,   0.10431,  -0.17032, -19.57860, 178.65300,  11.16200, 158.79900,   0.09230,  -0.06070,  46.74720,   1.14182,  -0.28164, -69.97530,   0.14318,  -0.16371, -18.17340
   2.00000,   0.00000,   0.00000,  -0.00000,  90.57430,  -3.38853,   6.17415,  92.72840,  76.70350, -93.62690,  18.80960,   1.15445,  -1.99266,  17.16600,  -3.18196,   2.26080, -19.92180,  -5.00903,   3.75683, -90.19770,   0.53387, -84.69000, -69.16090,   8.89759,   3.11111,  31.86170,  -2.75461, -94.42180,  -0.58536,   4.90444,   9.29448,  88.78910,   6.06038, -93.67910, -57.60810,   6.41609,  -4.51198,  28.67920,  -3.75831, -96.83350,  13.49180,   5.34158,  -1.12632,-171.92900,  -2.03391, -28.43840,   0.15165,  -0.14694,  45.41320,  -7.23450,   1.76713, -58.95880,   0.10419,  -0.17011, -19.57510, 178.86900,  10.54100, 159.38400,   0.12265,  -0.10411,  42.91120,   1.38498,  -0.07351, -66.56400,   0.15888,  -0.18223, -18.35190
   2.03333,   0.00000,   0.00000,  -0.00000,  90.49700,  -4.30218,   6.21463,  91.61680,  76.97730, -92.51640,  18.27560,   0.63886,  -1.90587,  17.20360,  -2.69042,   1.78887, -19.58440,  -3.42061,   3.27640, -90.12060,   0.33169, -85.02630, -68.36460,   8.76340,   1.08105,  30.04450,  -2.96555, -95.11180,   1.51881,   4.96266,   8.10734,  88.73180,   6.09449, -93.22140, -59.00850,   7.53712,  -1.52779,  28.70580,  -3.80164, -96.90380,  13.09340,   5.33968,  -1.06930,-171.66100,  -1.91876, -25.87050,   0.19218,  -0.15454,  50.37350,  -7.12540,   1.98424, -60.13470,   0.10503,  -0.17153, -19.59990, 179.17100,   9.70278, 159.53300,   0.14968,  -0.15170,  39.60830,   1.53081,   0.03240, -63.40550,   0.17121,  -0.19687, -18.49260
   2.06666,   0.00000,   0.00000,  -0.00000,  90.35880,  -5.05219,   6.19018,  89.91900,  77.22970, -90.79990,  17.77440,  -0.11213,  -1.74764,  17.03430,  -2.16356,   1.30769, -18.99170,  -1.77111,   2.89972, -90.04710,   0.13246, -85.42290, -67.26550,   8.24308,  -1.01331,  28.36520,  -3.31911, -96.12100,   3.19650,   4.99799,   7.36497,  88.65110,   6.21601, -92.73050, -59.87020,   8.85201,   1.10307,  28.43020,  -3.88643, -97.13650,  12.75720,   5.33722,  -0.99687,-171.38600,  -1.76936, -22.91910,   0.23155,  -0.15892,  54.38040,  -7.40712,   3.19949, -61.03480,   0.10510,  -0.17165, -19.60200, 179.50400,   9.15803, 159.11200,   0.16422,  -0.18444,  37.27870,   1.69975,   0.31642, -60.70200,   0.17110,  -0.19675, -18.49140
   2.10000,   0.00000,   0.00000,  -0.00000,  90.05270,  -5.66262,   6.29978,  87.72710,  77.34710, -88.57610,  17.51450,  -1.05801,  -1.53802,  16.78650,  -1.61911,   1.00656, -18.38460,  -0.08960,   2.70556, -89.92310,  -0.21776, -85.53730, -65.78990,   7.75195,  -3.39255,  27.76220,  -3.84689, -97.26320,   4.28702,   5.01736,   6.94668,  88.50720,   6.55760, -92.14590, -60.05940,  10.39140,   3.04814,  27.46740,  -3.79828, -97.26250,  12.77180,   5.34309,  -1.17146,-170.97800,  -1.48688, -19.50340,   0.26579,  -0.16046,  57.34850,  -7.99350,   5.56138, -61.86500,   0.11010,  -0.18038, -19.75320, 179.96300,   8.78084, 158.24400,   0.16868,  -0.19954,  36.02870,   1.85824,   0.61560, -58.47240,   0.17241,  -0.19831, -18.50640
   2.13333,   0.00000,   0.00000,  -0.00000,  89.75690,  -6.20767,   6.50533,  85.48840,  77.32170, -86.32800,  17.50510,  -2.03081,  -1.36949,  16.94460,  -0.98833,   0.85604, -18.58570,   1.61172,   2.68098, -89.81180,  -0.53350, -85.56910, -63.81690,   7.11107,  -5.95451,  27.79140,  -4.56696, -98.59110,   4.53433,   5.01864,   6.92057,  88.34260,   6.93590, -91.52500, -59.88130,  11.71010,   4.45988,  27.33970,  -3.82918, -97.36040,  12.48020,   5.34534,  -1.23791,-170.63700,  -1.20977, -15.75830,   0.29244,  -0.16335,  58.93040,  -9.08433,   9.19106, -62.34080,   0.11337,  -0.18609, -19.85190,-179.63300,   7.98118, 156.93400,   0.16804,  -0.20413,  35.55920,   1.86699,   0.39060, -56.45640,   0.15218,  -0.17431, -18.27560
   2.16666,   0.00000,   0.00000,  -0.00000,  89.28550,  -6.54835,   6.75916,  83.45830,  77.16720, -84.24140,  17.72900,  -2.93952,  -1.11071,  17.10380,  -0.51669,   0.82739, -18.76280,   2.97027,   2.96800, -89.68070,  -0.91525, -85.76910, -61.82140,   6.22004,  -8.45384,  26.90480,  -5.04817, -99.83800,   4.86342,   5.02263,   6.83450,  88.16440,   7.42089, -91.06410, -59.55860,  12.31130,   5.58098,  27.73260,  -3.90529, -97.38170,  12.34860,   5.35655,  -1.57402,-170.30200,  -1.07035, -11.99900,   0.30786,  -0.16872,  59.06660, -10.44820,  12.64430, -61.97140,   0.14849,  -0.24900, -20.93440,-179.13200,   7.25162, 155.36300,   0.17136,  -0.20807,  35.43480,   1.81448,   0.01507, -54.44000,   0.13308,  -0.15186, -18.05880
   2.20000,   0.00000,   0.00000,  -0.00000,  88.60010,  -6.36924,   6.76265,  81.55770,  76.95330, -82.16410,  18.05270,  -3.81426,  -0.60947,  17.42200,  -0.23623,   1.11260, -19.33270,   3.83173,   3.12134, -89.55100,  -1.30309, -85.98290, -59.97010,   5.31286, -11.23730,  26.24000,  -5.35429,-100.72000,   5.10920,   5.02487,   6.78627,  87.99700,   7.82969, -90.60180, -59.22330,  12.25380,   6.37284,  27.72920,  -3.88344, -97.34190,  12.71040,   5.36715,  -1.89818,-170.25300,  -1.19127,  -8.97452,   0.27320,  -0.15019,  58.09860,  -8.92898,  12.93210, -63.48060,   0.31381,  -0.59139, -26.64880,-178.54800,   6.89799, 153.55300,   0.15707,  -0.19309,  34.90970,   1.67659,  -0.42718, -52.00450,   0.12201,  -0.13893, -17.93370
   2.23333,   0.00000,   0.00000,  -0.00000,  88.09040,  -6.04814,   6.58406,  80.28800,  76.73890, -80.76370,  18.39650,  -4.43256,  -0.23574,  17.73010,  -0.22762,   1.48125, -20.04460,   4.21964,   3.46859, -89.37350,  -1.83326, -86.12850, -58.51820,   4.58901, -14.29910,  26.44200,  -5.64269,-101.18400,   4.92636,   5.01547,   6.98906,  87.83810,   8.15861, -90.10410, -59.03230,  11.51540,   7.05989,  28.06450,  -4.00449, -97.46260,  12.82930,   5.37382,  -2.10503,-170.83200,  -2.24688,  -6.60635,   0.17962,  -0.10217,  54.58710,  -2.69030,  10.38240, -68.42900,   0.50123,  -1.15244, -35.54310,-178.18100,   6.73327, 151.55300,   0.11796,  -0.14833,  33.81400,   1.53710,  -0.93161, -49.44420,   0.13351,  -0.15236, -18.06370
   2.26666,   0.00000,   0.00000,  -0.00000,  88.20820,  -5.91601,   6.65899,  79.85570,  76.43710, -80.45650,  18.95660,  -4.73933,  -0.41328,  17.98750,  -0.39346,   1.77737, -20.76610,   4.06013,   4.16808, -89.26660,  -2.15887, -86.23010, -57.06810,   4.02985, -17.40150,  26.62830,  -5.77368,-101.34500,   4.63090,   5.00291,   7.25723,  87.62130,   8.71716, -89.67270, -58.76590,  10.39500,   7.67931,  28.52210,  -4.27097, -97.80330,  12.90700,   5.37662,  -2.19266,-171.59900,  -3.68202,  -5.67578,   0.11999,  -0.06771,  51.36370,  -0.77285,   8.75362, -77.59670,   0.30598,  -0.57298, -26.34810,-178.51800,   6.54714, 149.89500,   0.07267,  -0.08951,  32.43350,   1.31532,  -1.22097, -48.62510,   0.15297,  -0.17527, -18.28470
   2.30000,   0.00000,   0.00000,  -0.00000,  88.62330,  -5.65259,   6.53122,  79.94280,  76.11070, -80.85150,  19.59660,  -4.83986,  -0.98691,  17.64060,  -0.84067,   2.00437, -21.10530,   3.57344,   5.17182, -89.28420,  -2.12417, -86.37260, -55.07630,   3.51366, -20.25900,  26.32810,  -5.63152,-101.21700,   4.77141,   5.00760,   7.15779,  87.26050,   9.67912, -89.11390, -58.75300,   9.24856,   7.88723,  28.69510,  -4.34985, -97.88920,  13.29090,   5.38673,  -2.51168,-172.75100,  -4.12213,  -7.46068,   0.10332,  -0.05804,  50.54740,   0.43089,   7.82633, -81.80330,   0.02219,  -0.41398, -21.66310,-178.94300,   7.17406, 148.67000,   0.05479,  -0.06466,  30.21840,   1.17472,  -0.93197, -49.75740,   0.19225,  -0.22201, -18.73350
   2.33333,   0.00000,   0.00000,  -0.00000,  88.93370,  -5.19851,   6.75299,  80.49450,  75.71220, -81.67730,  20.41740,  -4.73905,  -1.52049,  17.16410,  -1.29420,   2.07789, -20.87760,   2.89384,   6.05622, -89.36980,  -1.88416, -86.50140, -53.28870,   3.31916, -22.37450,  26.25790,  -5.22443,-100.45800,   4.93513,   5.01368,   7.02706,  87.02600,  10.28720, -88.77930, -59.85160,   7.97791,   8.07404,  29.34310,  -4.24710, -97.50530,  13.60500,   5.39787,  -2.86790,-173.70500,  -3.65477, -10.35430,   0.11041,  -0.06251,  51.65490,   0.81342,   7.34403, -82.74260,   0.10772,  -0.17624, -19.68150,-179.14900,   8.50816, 148.98300,   0.02089,  -0.00926,  26.58830,   1.11567,  -0.91972, -51.61280,   0.20583,  -0.23834, -18.88980
   2.36666,   0.00000,   0.00000,  -0.00000,  89.36430,  -5.17021,   7.62049,  81.73280,  75.32790, -83.19990,  21.26030,  -4.28508,  -2.14168,  16.81570,  -1.72991,   1.93927, -19.89940,   2.10224,   6.69725, -89.43800,  -1.66681, -86.36320, -52.46140,   3.86073, -23.20800,  28.17610,  -5.09980, -99.42250,   4.06937,   4.98244,   7.69275,  87.04630,  10.19180, -88.74350, -61.72040,   7.22469,   8.36404,  30.51260,  -4.09978, -96.91720,  13.52440,   5.39283,  -2.70574,-174.38200,  -4.33742, -12.55910,   0.12655,  -0.07283,  52.73930,   1.25325,   7.73728, -80.97770,   0.10269,  -0.16749, -19.52960,-179.55400,   9.30905, 150.72900,  -0.02831,   0.09954,  22.91640,   1.18118,  -2.14294, -54.59050,   0.22184,  -0.25771, -19.07450
   2.40000,   0.00000,   0.00000,  -0.00000,  89.38780,  -5.82746,   8.12198,  83.49860,  75.22090, -85.04730,  21.58330,  -3.44590,  -2.45372,  16.94570,  -1.78211,   1.87946, -19.41010,   1.51401,   6.49844, -89.50030,  -1.44676, -85.94070, -52.94260,   4.80893, -22.27000,  30.28820,  -5.17332, -98.77610,   2.76891,   4.93170,   8.74060,  87.22830,   9.76627, -89.07070, -63.09750,   7.45986,   8.45759,  31.98480,  -4.16858, -96.63960,  13.07810,   5.39168,  -2.66876,-174.46500,  -5.75743, -14.07800,   0.13650,  -0.08284,  52.45570,   1.55307,   8.27743, -79.03720,   0.09063,  -0.14678, -19.16970, 179.88200,  10.27530, 151.90500,  -0.05045,   0.14899,  21.61500,  -5.36316,  -2.69076, -53.60940,   0.19550,  -0.22591, -18.77080
   2.43333,   0.00000,   0.00000,  -0.00000,  89.34400,  -6.09660,   8.51091,  84.60580,  75.18010, -86.13450,  21.72400,  -2.89852,  -2.51425,  16.77250,  -1.81730,   1.84853, -18.98570,   1.14164,   6.17051, -89.61670,  -1.09029, -85.62420, -54.16990,   5.73328, -19.67200,  30.10260,  -5.02830, -98.59720,   2.51540,   4.91443,   9.08942,  87.30450,   9.63902, -89.29520, -63.24480,   8.88344,   8.02018,  31.53980,  -4.18266, -96.77730,  12.89440,   5.39638,  -2.81983,-174.57100,  -6.17501, -14.96300,   0.13460,  -0.08813,  51.11160,   1.53691,   8.36715, -76.78920,   0.08279,  -0.13348, -18.93770, 178.91600,  10.76620, 152.32100,   0.04038,  -0.07681,  25.24310,  -9.50937,  -1.72036, -52.80540,   0.20170,  -0.23335, -18.84210
   2.46666,   0.00000,   0.00000,  -0.00000,  89.22810,  -5.75434,   8.79059,  84.93780,  75.21190, -86.40870,  21.67760,  -2.71919,  -2.43350,  16.42830,  -1.95504,   1.80855, -18.34870,   0.62587,   6.27913, -89.74210,  -0.72051, -85.30070, -55.60880,   6.77272, -16.20550,  29.21940,  -4.65893, -98.26250,   3.22941,   4.95027,   8.35993,  87.30070,   9.74915, -89.44140, -62.75470,  10.77990,   7.07304,  30.76450,  -4.09665, -96.84360,  12.75420,   5.39974,  -2.92943,-174.58100,  -5.84768, -15.44130,   0.12660,  -0.09092,  48.95820,   1.31530,   8.38447, -74.27540,   0.07385,  -0.11847, -18.67510, 177.92400,  10.31530, 151.94200,   0.08710,  -0.13173,  32.42700,  -8.96766,  -0.82755, -52.96890,   0.20636,  -0.23899, -18.89600
   2.50000,   0.00000,   0.00000,  -0.00000,  89.17500,  -5.33525,   9.00387,  85.25800,  75.34030, -86.71500,  21.43620,  -2.53470,  -2.44595,  16.20940,  -2.15972,   1.87155, -17.62720,  -0.10530,   6.55834, -89.82620,  -0.47731, -84.99060, -57.13540,   7.88952, -12.30170,  29.21720,  -4.42531, -97.85520,   3.27008,   4.95520,   8.25805,  87.34400,   9.71040, -89.62220, -62.50360,  12.36070,   5.89216,  31.11640,  -4.15110, -96.83850,  12.48710,   5.39426,  -2.75132,-174.49800,  -5.59009, -15.61430,   0.11642,  -0.09269,  46.33500,   0.86998,   8.64877, -71.67300,   0.06702,  -0.10708, -18.47560, 176.78400,   9.30622, 152.27900,   0.14120,  -0.16664,  39.51970,  -8.28295,  -0.52956, -53.55710,   0.20040,  -0.23180, -18.82740
   2.53333,   0.00000,   0.00000,  -0.00000,  89.41750,  -4.83482,   9.12361,  85.69490,  75.55730, -87.21050,  21.02040,  -2.28936,  -2.61798,  16.21860,  -2.35291,   2.04959, -16.95640,  -0.92989,   6.66416, -89.93370,  -0.17960, -84.72160, -58.52280,   9.01533,  -8.49819,  29.60500,  -4.13538, -97.23330,   2.89064,   4.94828,   8.40026,  87.48210,   9.42363, -89.96680, -62.62870,  13.26720,   4.80192,  30.97520,  -4.20595, -96.96620,  12.25220,   5.38149,  -2.34533,-174.65300,  -5.14905, -15.74850,   0.08153,  -0.06768,  43.51340,  -0.07029,   8.87029, -68.94120,   0.05889,  -0.09367, -18.24000, 175.43600,   8.56003, 153.34200,   0.20264,  -0.19176,  45.87780,  -7.64688,  -0.22234, -54.52400,   0.20068,  -0.23213, -18.83040
   2.56666,   0.00000,   0.00000,  -0.00000,  89.79270,  -4.28584,   9.27979,  86.57620,  75.76610, -88.12490,  20.63480,  -1.83272,  -2.77454,  16.21970,  -2.70490,   2.05312, -16.20140,  -1.94025,   6.89125, -90.05170,   0.13849, -84.51880, -59.85680,  10.11430,  -4.99426,  29.65280,  -3.65289, -96.38550,   2.85804,   4.95853,   8.18950,  87.61630,   9.09011, -90.23880, -62.67970,  13.64100,   3.70049,  30.10570,  -4.29476, -97.35980,  12.13190,   5.36797,  -1.92402,-174.97300,  -4.15806, -16.12850,   0.06975,  -0.06003,  41.14390,  -1.01699,   8.55782, -66.03900,   0.05511,  -0.08748, -18.13090, 174.03600,   7.92042, 155.24900,   0.26162,  -0.20444,  51.19950,  -7.01608,   0.30650, -55.88590,   0.20269,  -0.23456, -18.85370
   2.60000,   0.00000,   0.00000,  -0.00000,  90.32070,  -3.77092,   9.44523,  87.87420,  75.94260, -89.43590,  20.31770,  -1.18899,  -2.92055,  16.32900,  -3.15791,   1.99843, -15.58370,  -3.10723,   6.90824, -90.18510,   0.48745, -84.21190, -61.17010,  11.06220,  -2.01013,  29.87340,  -3.14284, -95.45230,   2.63578,   4.96233,   8.11046,  87.75040,   8.74793, -90.51730, -62.38500,  13.75470,   2.47507,  29.23530,  -4.42322, -97.84610,  12.24060,   5.35297,  -1.46701,-175.42600,  -2.85065, -16.74790,   0.06783,  -0.06134,  39.27260,  -1.85380,   7.81107, -63.44190,   0.05634,  -0.08948, -18.16640, 172.59800,   7.32708, 158.00300,   0.30896,  -0.20692,  55.14650,  -6.53287,   1.30285, -57.67530,   0.20227,  -0.23406, -18.84880
   2.63333,   0.00000,   0.00000,  -0.00000,  90.75970,  -3.22573,   9.69532,  89.30490,  76.01470, -90.83700,  20.19810,  -0.49695,  -2.98553,  16.54290,  -3.43559,   2.08149, -15.44430,  -4.18517,   6.75548, -90.25520,   0.65861, -83.82160, -62.68740,  11.52170,   0.64624,  30.48720,  -2.92430, -94.95260,   2.32212,   4.95281,   8.30774,  87.87170,   8.44738, -90.80320, -61.77640,  13.59860,   0.86271,  28.82930,  -4.50793, -98.12680,  12.18460,   5.34905,  -1.34909,-175.65100,  -1.44147, -17.67230,   0.07224,  -0.06886,  38.08090,  -2.75464,   6.98255, -61.14050,   0.06453,  -0.10295, -18.40320, 171.43100,   6.72628, 161.67900,   0.33996,  -0.20577,  57.39790,  -6.08137,   2.69239, -58.91750,   0.21833,  -0.25347, -19.03420
   2.66666,   0.00000,   0.00000,  -0.00000,  91.23430,  -2.74740,   9.73128,  90.95490,  76.09890, -92.45240,  20.03830,   0.29339,  -3.05619,  16.61550,  -3.71881,   2.14075, -15.31480,  -5.28405,   6.72289, -90.30870,   0.78114, -83.43700, -64.17840,  11.56070,   3.00160,  30.28740,  -2.79397, -94.77080,   2.16018,   4.95411,   8.28060,  87.97410,   8.18141, -91.04120, -60.83220,  13.31390,  -0.92368,  28.92730,  -4.63979, -98.32750,  11.96600,   5.34119,  -1.11465,-175.73500,  -0.42787, -19.19050,   0.07292,  -0.07173,  37.38430,  -3.65590,   6.39532, -58.94660,   0.07069,  -0.11318, -18.58250, 170.56000,   6.03999, 165.83700,   0.33735,  -0.19489,  57.92710,  -5.80591,   4.12244, -61.43470,   0.41134,  -0.49724, -21.31980
   2.70000,   0.00000,   0.00000,  -0.00000,  91.86400,  -2.43954,   9.41210,  92.79140,  76.25190, -94.31430,  19.71810,   1.15188,  -3.25506,  16.67770,  -4.16357,   2.00451, -15.13660,  -6.43907,   6.91468, -90.39680,   0.97971, -82.95020, -65.13100,  11.56100,   4.78462,  29.84500,  -2.74305, -94.76810,   2.11385,   4.96231,   8.11105,  88.06900,   7.94932, -91.29890, -59.81980,  12.86500,  -2.70987,  29.00900,  -4.72914, -98.45710,  11.87560,   5.33618,  -0.96610,-175.80600,   0.45685, -21.39520,   0.07066,  -0.07078,  36.89010,  -4.67756,   5.70230, -56.63780,   0.07965,  -0.12820, -18.84550, 170.06200,   5.34831, 169.57900,   0.29686,  -0.17250,  56.80150,  -4.02683,   4.69305, -64.33480,   0.84872,  -1.13648, -27.01260
   2.73333,   0.00000,   0.00000,  -0.00000,  92.23350,  -2.35224,   9.05963,  94.86750,  76.32440, -96.35290,  19.52610,   2.11956,  -3.34420,  16.70900,  -4.52230,   1.95719, -15.04780,  -7.63287,   6.77272, -90.48610,   1.16915, -82.42130, -65.63950,  11.47110,   5.85366,  29.69900,  -2.79751, -94.89090,   2.00724,   4.96236,   8.10971,  88.18990,   7.65371, -91.65150, -59.02700,  12.14040,  -4.53225,  28.97210,  -4.76746, -98.53720,  11.81390,   5.32891,  -0.75355,-175.34900,   1.31515, -23.82790,   0.06251,  -0.06401,  36.20510,  -5.92798,   4.83534, -53.96080,   0.08338,  -0.13450, -18.95520, 170.33800,   4.62474, 172.78600,   0.20978,  -0.13043,  53.00760,  -3.84645,   4.48871, -70.52140,   1.07157,  -1.52410, -30.29620
   2.76666,   0.00000,   0.00000,  -0.00000,  92.00400,  -2.64160,   8.48900,  96.91900,  76.23150, -98.19720,  19.62830,   3.11417,  -3.10307,  16.43050,  -4.69656,   1.71900, -15.29070,  -8.77246,   6.68303, -90.72090,   1.65651, -81.48210, -65.66310,  11.20580,   5.84533,  30.04690,  -2.83368, -94.88500,   1.87903,   4.96282,   8.10058,  88.32870,   7.36169, -92.17160, -57.89680,  11.26360,  -6.86782,  29.28560,  -4.73586, -98.37470,  11.94060,   5.32495,  -0.63866,-173.95200,   2.19657, -26.22320,   0.04352,  -0.04634,  34.46780,  -7.48901,   3.79125, -51.37860,   0.08820,  -0.14265, -19.09770, 171.80000,   5.41862, 172.59300,   0.15388,  -0.10063,  49.81620,  -2.26089,   3.75884, -79.41420,   0.44693,  -0.54447, -21.75440
   2.80000,   0.00000,   0.00000,  -0.00000,  92.06440,  -3.83169,   7.55944,  98.81600,  76.09040,-100.02000,  19.80470,   4.04447,  -3.12287,  15.67900,  -4.60930,   1.37359, -15.21630,  -9.78393,   6.36898, -90.98790,   2.11583, -79.96530, -66.33630,  10.39130,   5.04905,  30.96540,  -2.76191, -94.59140,   0.91571,   4.94705,   8.42557,  88.59520,   6.56213, -92.88910, -56.68600,  10.34920,  -9.54028,  30.15130,  -4.63248, -97.91600,  11.50760,   5.31917,  -0.47194,-172.58500,   2.45629, -28.13130,   0.02338,  -0.02414,  31.49520,  -9.15998,   2.41590, -50.64820,   0.10128,  -0.16504, -19.48720, 173.60400,   3.60594, 167.28600,   0.17490,  -0.11134,  52.13280,  -1.34550,   1.39108, -81.12200,   0.23671,  -0.27584, -19.24690
   2.83333,   0.00000,   0.00000,  -0.00000,  92.44240,  -4.63039,   6.95644,  98.86430,  75.84960,-100.13100,  20.28260,   4.12365,  -3.28027,  15.24790,  -4.25469,   1.45105, -15.71520, -10.10990,   5.43135, -91.11810,   2.28438, -78.91170, -68.00060,   8.37721,   4.89569,  32.12920,  -2.93385, -94.65930,   0.36358,   4.92323,   8.91103,  88.89070,   5.49252, -93.56340, -55.62750,   9.56954, -11.99030,  32.37060,  -4.69094, -97.35160,  10.36540,   5.30955,  -0.19627,-171.43100,   3.77836, -28.58140,  -0.00154,   0.01469,  26.88620, -10.90510,   0.70493, -50.79570,   0.10700,  -0.17497, -19.65950, 174.13100,   3.27564, 162.26900,   0.19132,  -0.11795,  54.15280,  -0.41905,   1.48125, -79.88460,   0.17094,  -0.19654, -18.48940
   2.86666,   0.00000,   0.00000,  -0.00000,  92.03020,  -3.78408,   7.06395,  97.28910,  75.44050, -98.29720,  21.17800,   3.48544,  -2.67607,  15.49150,  -4.30544,   2.13784, -16.88280,  -9.92357,   4.59995, -91.07980,   2.23936, -79.25000, -69.91680,   5.86153,   5.23488,  31.93130,  -3.09483, -94.95130,   0.70513,   4.91308,   9.11564,  88.96150,   5.08682, -93.44500, -53.99110,   9.08775, -13.62370,  33.08320,  -4.65886, -97.10690,   9.58212,   5.29369,   0.24933,-170.23400,   5.10593, -27.44220,  -0.00277,   0.01274,  21.52120, -12.25400,   1.39259, -51.80540,   0.09806,  -0.15947, -19.39050, 175.03700,   5.60362, 159.38200,   0.05680,  -0.01964,  54.58780,  -0.24634,   2.65586, -77.24580,   0.12262,  -0.13965, -17.94060
   2.90000,   0.00000,   0.00000,  -0.00000,  92.00530,  -3.35392,   7.10471,  96.41070,  75.12230, -97.32070,  21.85280,   3.12358,  -2.43105,  15.81090,  -4.40656,   2.81991, -17.53700,  -9.63813,   4.08404, -91.13980,   2.42844, -79.84670, -70.67650,   5.21269,   4.67486,  32.08060,  -2.91902, -94.64480,   1.18205,   4.90642,   9.24938,  88.90680,   5.17070, -93.04470, -52.33230,   8.58245, -13.90820,  32.62150,  -4.49939, -96.98780,   9.36262,   5.28286,   0.54792,-171.10100,   3.91392, -28.00700,   0.03065,  -0.07028,  22.35460, -11.48460,   0.58609, -52.62970,   0.08792,  -0.14216, -19.08910, 175.74100,   6.97908, 157.27900,   0.11959,  -0.06892,  53.46800,   0.74248,   3.19271, -74.02780,   0.09783,  -0.11085, -17.66120
   2.93333,   0.00000,   0.00000,  -0.00000,  92.11450,  -3.81836,   7.00476,  96.20780,  74.98920, -97.23750,  22.13090,   3.03044,  -2.66166,  15.96470,  -4.14492,   3.04126, -17.30710,  -9.09885,   4.08491, -91.11850,   2.42361, -80.21720, -70.21310,   6.29117,   3.28356,  33.50680,  -2.67017, -94.02510,   0.25910,   4.88277,   9.72183,  88.84790,   5.41938, -92.97910, -51.87490,   8.12085, -12.95880,  32.79010,  -4.33292, -96.68920,   9.03170,   5.27577,   0.74264,-172.32700,   0.99455, -29.58360,   0.06788,  -0.12177,  28.85250, -10.25080,   2.07564, -52.88790,   0.09460,  -0.15357, -19.28770, 176.36800,   6.04562, 156.05400,   0.17154,  -0.12104,  50.71400,   0.92879,   2.62784, -70.25220,   0.08357,  -0.09443, -17.50120
   2.96666,   0.00000,   0.00000,  -0.00000,  92.06160,  -4.17259,   6.76597,  95.71770,  75.09780, -96.75600,  21.93510,   2.76291,  -2.62126,  16.19060,  -3.89174,   2.85759, -16.98410,  -8.08447,   3.89899, -91.09640,   2.43062, -80.71240, -69.22470,   8.05363,   1.92568,  34.21160,  -2.58244, -93.79150,  -1.45023,   4.84282,  10.50230,  88.82770,   5.45142, -92.84390, -52.46870,   8.00564, -11.09140,  33.22710,  -4.21190, -96.39760,   8.67584,   5.26030,   1.15872,-172.88200,  -0.09893, -30.68020,   0.11930,  -0.16011,  36.72890,  -9.69553,   2.93993, -53.83810,   0.09726,  -0.15813, -19.36700, 176.92700,   4.98154, 155.69100,   0.27503,  -0.23965,  46.74650,   0.89243,   2.04729, -66.20800,   0.07257,  -0.08183, -17.37820
   3.00000,   0.00000,   0.00000,  -0.00000,  91.90070,  -4.34950,   6.41596,  94.91020,  75.35430, -95.90870,  21.45230,   2.32475,  -2.44559,  16.38070,  -3.62716,   2.68651, -16.97480,  -6.91981,   3.61339, -90.89460,   2.04906, -81.41130, -68.43220,   9.77987,   0.48903,  33.63450,  -2.60315, -93.90560,  -2.12243,   4.83459,  10.65910,  88.78090,   5.56089, -92.61480, -53.57050,   8.04212,  -8.56228,  32.99790,  -4.15330, -96.36440,   8.84405,   5.25305,   1.35177,-172.94200,   0.06989, -30.81440,   0.17747,  -0.18434,  44.02370, -10.03540,   3.73425, -54.97500,   0.09882,  -0.16082, -19.41380, 177.49600,   4.58030, 155.80300,   0.41984,  -0.44243,  42.23770,   0.97510,   1.74323, -62.44060,   0.08483,  -0.09588, -17.51540
   3.03333,   0.00000,   0.00000,  -0.00000,  91.57560,  -4.56600,   6.16144,  93.89020,  75.66420, -94.78000,  20.86200,   1.79705,  -2.11715,  16.44210,  -3.32892,   2.50315, -17.06710,  -5.52532,   3.08379, -90.58750,   1.40719, -82.33790, -67.86010,  10.98910,  -0.74301,  31.98460,  -2.71454, -94.33710,  -0.81631,   4.89559,   9.47021,  88.73840,   5.60561, -92.29400, -54.89920,   8.31422,  -5.83671,  32.25150,  -4.12839, -96.50920,   8.99644,   5.24826,   1.47870,-172.93300,  -0.19182, -29.90370,   0.23546,  -0.19342,  50.60370,  -9.86999,   3.88114, -56.60230,   0.09514,  -0.15450, -19.30390, 178.12000,   4.85424, 156.06600,   0.45465,  -0.54373,  38.63090,   1.12303,   1.76669, -61.94000,   0.12762,  -0.14548, -17.99710
   3.06666,   0.00000,   0.00000,  -0.00000,  91.27210,  -5.16910,   5.90626,  92.85680,  76.04760, -93.66970,  20.11740,   1.27218,  -1.85677,  16.51300,  -2.91725,   2.19662, -17.14700,  -4.08144,   2.44714, -90.30550,   0.76436, -83.21500, -67.07170,  11.79630,  -1.94557,  29.47270,  -2.85255, -95.03270,   1.14534,   4.95492,   8.26689,  88.71470,   5.58203, -92.01150, -56.41450,   8.64660,  -3.16591,  31.49790,  -4.06790, -96.60410,   9.01036,   5.25531,   1.29153,-172.90800,  -1.11038, -28.03910,   0.29101,  -0.19382,  56.07220,  -9.46901,   4.02708, -58.30410,   0.09585,  -0.15568, -19.32460, 178.69300,   5.30321, 155.98000,   0.43464,  -0.56970,  36.02200,   1.24733,   2.20091, -62.91950,   0.18138,  -0.20900, -18.60890
   3.10000,   0.00000,   0.00000,  -0.00000,  90.78980,  -5.99310,   5.76109,  91.61120,  76.40840, -92.33230,  19.41230,   0.67523,  -1.56169,  16.84820,  -2.30647,   1.88039, -17.57060,  -2.56403,   1.85179, -90.07430,   0.19188, -83.84810, -65.88050,  12.16760,  -3.45692,  27.71060,  -3.02957, -95.74610,   2.72531,   4.99874,   7.34650,  88.71590,   5.54451, -91.93800, -57.90360,   9.06054,  -0.75698,  31.09520,  -4.05599, -96.68910,   9.09775,   5.25849,   1.20726,-172.45300,  -2.50779, -24.98980,   0.34698,  -0.19632,  59.91350,  -9.59998,   6.29742, -59.89940,   0.10441,  -0.17049, -19.58170, 179.46800,   5.32811, 155.58900,   0.39604,  -0.55182,  34.15640,   1.27575,   2.55653, -63.84200,   0.20814,  -0.24112, -18.91630
   3.13333,   0.00000,   0.00000,  -0.00000,  90.34480,  -6.59656,   5.82332,  89.92240,  76.65030, -90.55590,  18.93320,  -0.09684,  -1.25389,  17.24670,  -1.81393,   1.62673, -18.15370,  -1.13263,   1.46191, -89.87320,  -0.34010, -84.54210, -64.49030,  11.94400,  -5.29900,  27.17320,  -3.34567, -96.48600,   3.41292,   5.01160,   7.07180,  88.68000,   5.56143, -91.62590, -59.12720,   9.51025,   1.21103,  30.97380,  -4.05891, -96.72570,   9.12841,   5.26255,   1.09845,-171.92200,  -3.63969, -20.98850,   0.39589,  -0.20226,  62.01400, -10.43430,  10.15870, -61.00180,   0.10538,  -0.17216, -19.61070,-179.95600,   4.65285, 154.90300,   0.34495,  -0.49596,  32.99340,   1.05524,   2.38160, -64.19590,   0.20930,  -0.24253, -18.92980
   3.16666,   0.00000,   0.00000,  -0.00000,  89.84500,  -6.88056,   5.82449,  87.64340,  76.85650, -88.15880,  18.49620,  -1.10798,  -0.85264,  17.42840,  -1.44722,   1.46045, -18.33130,   0.17272,   1.17397, -89.71220,  -0.79868, -85.18370, -62.99860,  11.22080,  -7.32748,  27.25890,  -3.66927, -97.08050,   3.47342,   5.00602,   7.19135,  88.65150,   5.57517, -91.37970, -60.09340,   9.85666,   2.83570,  30.99480,  -4.08416, -96.76150,   9.18704,   5.26574,   1.01274,-171.38200,  -4.51957, -16.73180,   0.43443,  -0.21543,  62.41100, -11.85050,  14.71610, -61.10240,   0.10797,  -0.17666, -19.68880,-179.51100,   3.92972, 153.66600,   0.29140,  -0.41912,  32.43840,   0.67781,   2.04566, -64.08710,   0.22158,  -0.25740, -19.07150
   3.20000,   0.00000,   0.00000,  -0.00000,  89.31190,  -6.84727,   5.64276,  85.03220,  77.08840, -85.40650,  17.96250,  -2.22844,  -0.39797,  17.70840,  -1.14548,   1.39283, -18.42740,   1.43099,   1.08307, -89.53420,  -1.33536, -85.76630, -61.78630,  10.15150,  -9.43179,  27.72220,  -3.93636, -97.44260,   3.41372,   4.99555,   7.41393,  88.59930,   5.64858, -91.04860, -60.66240,  10.12910,   4.29068,  30.63400,  -4.05336, -96.80700,   9.33394,   5.28003,   0.62555,-171.01800,  -5.83415, -12.93820,   0.45623,  -0.23073,  61.67320, -12.67170,  16.83310, -59.91490,   0.18992,  -0.32699, -22.26110,-179.12700,   3.73096, 151.81600,   0.24013,  -0.33825,  32.29150,   0.23129,   1.65176, -63.93620,   0.22889,  -0.26632, -19.15640
   3.23333,   0.00000,   0.00000,  -0.00000,  88.92880,  -6.54282,   5.50056,  82.36750,  77.22160, -82.62210,  17.57820,  -3.35650,   0.00887,  17.96400,  -0.89155,   1.31610, -18.65350,   2.49511,   1.26903, -89.37280,  -1.85102, -86.27500, -60.89560,   8.85682, -11.74670,  28.03990,  -4.12955, -97.70020,   3.42222,   4.98904,   7.55139,  88.55100,   5.68291, -90.67050, -60.80940,  10.20010,   5.47330,  30.52240,  -4.13695, -96.97640,   9.48871,   5.28970,   0.35932,-171.72900,  -7.68665,  -9.83085,   0.34860,  -0.17763,  60.23010,  -4.43924,  13.83110, -61.96570,   0.48413,  -1.08651, -34.52000,-178.95300,   4.22311, 149.68000,   0.17658,  -0.24155,  32.28520,  -0.24961,   1.69588, -63.72720,   0.24358,  -0.28424, -19.32670
   3.26666,   0.00000,   0.00000,  -0.00000,  88.89840,  -6.18459,   5.44449,  80.26840,  77.22580, -80.56350,  17.43800,  -4.26859,   0.06348,  18.05320,  -0.81341,   1.45850, -18.96590,   3.16897,   1.69771, -89.13950,  -2.60151, -86.68970, -60.50820,   7.37698, -14.38860,  28.54490,  -4.33297, -97.90730,   3.25474,   4.97766,   7.79037,  88.45460,   5.86202, -90.20350, -60.47320,  10.10870,   6.44998,  30.43410,  -4.32564, -97.31610,   9.84699,   5.30967,  -0.20011,-172.46200,  -9.06461,  -6.33105,   0.20403,  -0.11321,  55.02290,   0.27048,  11.76390, -73.93710,   0.47143,  -1.04042, -33.80180,-179.16700,   4.65067, 147.50600,   0.11401,  -0.14809,  31.87630,  -0.85923,   1.76446, -63.59150,   0.24321,  -0.28377, -19.32240
   3.30000,   0.00000,   0.00000,  -0.00000,  89.66950,  -5.88678,   5.95835,  79.23100,  76.88820, -79.90000,  18.01330,  -4.86939,  -0.56909,  17.66550,  -0.89816,   1.89429, -19.51450,   3.51601,   2.17279, -89.04170,  -2.98325, -87.18200, -59.86260,   5.82344, -17.28050,  28.71410,  -4.53220, -98.20820,   3.36181,   4.97443,   7.85873,  88.14280,   6.74875, -89.57510, -59.49080,   9.56078,   7.24035,  30.14180,  -4.58228, -97.83420,  10.30320,   5.34116,  -1.11313,-174.12400, -10.14570,  -6.01263,   0.13595,  -0.07240,  52.88200,   2.28730,   9.77411, -82.50350,   0.25115,  -0.45111, -24.34070, 179.64400,   4.73325, 146.48300,   0.06331,  -0.07339,  30.40790,  -1.86182,   1.88340, -64.91930,   0.25687,  -0.30057, -19.48140
   3.33333,   0.00000,   0.00000,  -0.00000,  90.36440,  -4.97965,   6.81921,  78.80090,  76.29830, -79.88830,  19.12320,  -5.31996,  -1.28479,  17.10640,  -1.21882,   2.18379, -20.05080,   3.49259,   3.03245, -89.07580,  -2.96911, -87.70150, -58.34740,   4.60949, -20.24440,  28.23210,  -4.37288, -98.08250,   4.05376,   4.98261,   7.68731,  87.72400,   7.91771, -88.90570, -59.44220,   8.42782,   8.12373,  30.17250,  -4.66407, -97.96240,  11.11400,   5.36870,  -1.94485,-176.11600,  -8.40039,  -8.56112,   0.12307,  -0.06046,  54.21410,   3.08778,   7.57991, -84.59360,   0.15098,  -0.25356, -21.01250, 178.31200,   5.40463, 147.30400,  -0.02526,   0.08184,  26.86030,  -4.48854,   1.66197, -66.60660,   0.25029,  -0.29248, -19.40480
   3.36666,   0.00000,   0.00000,  -0.00000,  90.78170,  -4.22260,   8.11118,  79.36410,  75.71950, -80.79470,  20.29930,  -5.30557,  -1.92153,  16.92530,  -1.58934,   2.21171, -20.09120,   3.00345,   4.07302, -89.08920,  -2.92791, -87.71260, -56.88780,   4.59374, -22.88070,  28.75400,  -3.84621, -96.97010,   4.43653,   4.98622,   7.61186,  87.63950,   8.10020, -88.69330, -61.46520,   6.74610,   9.52830,  30.83080,  -4.47750, -97.45220,  11.79140,   5.39279,  -2.70372,-177.42100,  -7.06678, -11.42450,   0.13422,  -0.06229,  56.74230,   3.58497,   6.09883, -83.39960,   0.13377,  -0.22228, -20.47600, 176.97700,   6.36137, 150.19600,  -0.06981,   0.20774,  21.06260, -10.07710,   1.19675, -67.00560,   0.17068,  -0.19623, -18.48650
   3.40000,   0.00000,   0.00000,  -0.00000,  90.83360,  -5.00576,   8.96371,  81.42990,  75.58190, -83.07670,  20.72830,  -4.37936,  -2.50498,  17.37530,  -1.62916,   1.92493, -19.82240,   2.28705,   4.93351, -89.10800,  -2.77053, -87.14420, -56.16830,   5.56836, -23.98870,  31.67320,  -3.81706, -96.15850,   2.87128,   4.93647,   8.64384,  87.86560,   7.55659, -89.17700, -63.92990,   5.60939,  11.06000,  31.26920,  -4.24826, -96.95510,  11.81900,   5.39016,  -2.62039,-177.69800,  -7.89260, -13.40860,   0.14666,  -0.06950,  57.58660,   3.86533,   5.87195, -81.89230,   0.11642,  -0.19143, -19.94440, 176.74400,   7.37814, 152.75500,  -0.00761,   0.03733,  16.19880, -17.48250,   1.41813, -63.35540,   0.11590,  -0.13181, -17.86470
   3.43333,   0.00000,   0.00000,  -0.00000,  90.71760,  -6.07951,   9.52592,  83.17650,  75.58730, -84.90490,  20.83060,  -3.53789,  -2.81948,  17.51790,  -1.43916,   1.75218, -19.19520,   1.83516,   4.83513, -89.14990,  -2.56298, -86.64300, -56.53890,   6.58046, -22.57450,  32.44950,  -4.06820, -96.36670,   2.11944,   4.90678,   9.24289,  88.02920,   7.23052, -89.70890, -65.11300,   6.11178,  11.60050,  31.95640,  -4.26928, -96.80560,  11.66230,   5.39281,  -2.70501,-177.83600,  -8.28885, -14.62970,   0.14183,  -0.07087,  56.93440,   3.84130,   5.03110, -79.98700,   0.09896,  -0.16106, -19.41790, 177.26700,   7.92970, 151.45600,   0.00026,   0.00712,  21.73480, -16.98850,   2.98395, -62.19720,   0.11307,  -0.12853, -17.83290
   3.46666,   0.00000,   0.00000,  -0.00000,  90.29590,  -6.10812,   9.62670,  83.43210,  75.69210, -85.04190,  20.64040,  -3.37515,  -2.61667,  17.54080,  -1.40779,   1.65730, -18.95460,   1.62698,   4.51569, -89.16970,  -2.47191, -86.42590, -57.82710,   7.42139, -19.10450,  29.75120,  -4.00151, -96.96100,   3.25598,   4.95630,   8.23711,  88.01910,   7.32889, -89.82950, -65.11200,   8.02271,  11.00770,  31.69270,  -4.25293, -96.84920,  11.65200,   5.40537,  -3.11256,-177.86000,  -6.67505, -15.80930,   0.12227,  -0.06527,  55.38000,   3.36032,   3.59019, -77.45400,  -0.05618,  -0.29826, -19.19230, 177.32600,   8.24376, 150.41700,   0.02596,  -0.04136,  29.20900, -16.13090,   3.53754, -61.63130,   0.09647,  -0.10926, -17.64580
   3.50000,   0.00000,   0.00000,  -0.00000,  89.99450,  -5.95742,   9.73626,  83.67640,  75.82370, -85.17730,  20.39530,  -3.21486,  -2.43398,  17.60710,  -1.48083,   1.66341, -18.83160,   1.26172,   4.31999, -89.22630,  -2.29131, -86.33550, -59.28010,   8.38558, -14.88090,  27.50390,  -3.77838, -97.21340,   4.28932,   5.00858,   7.13676,  88.02770,   7.38196, -89.99600, -65.05120,   9.83335,  10.01230,  31.25250,  -4.27483, -97.00270,  11.60550,   5.41025,  -3.27373,-177.73700,  -5.21349, -16.22780,   0.10481,  -0.06245,  52.78510,   2.77383,   2.65088, -74.76500,  -0.18124,  -0.40638, -18.94090, 176.87300,   8.20364, 150.39600,   0.07111,  -0.09122,  36.77600, -15.24710,   3.31758, -61.37850,   0.08755,  -0.09901, -17.54590
   3.53333,   0.00000,   0.00000,  -0.00000,  89.98250,  -5.94434,   9.69704,  84.38630,  76.05200, -85.87310,  19.97740,  -2.82542,  -2.48530,  17.48170,  -1.49673,   1.85763, -18.20850,   0.62711,   4.13867, -89.29770,  -2.05934, -86.16250, -60.68330,   9.50815, -10.62510,  27.94980,  -3.72534, -96.98160,   3.94449,   5.00336,   7.24866,  88.11470,   7.27553, -90.43030, -65.29890,  10.98320,   9.01250,  30.89540,  -4.35936, -97.23980,  11.50990,   5.40067,  -2.95863,-177.63000,  -4.52982, -16.32680,   0.09542,  -0.06554,  49.52960,   2.17255,   2.29222, -72.07360,  -0.06132,  -0.23179, -18.36970, 176.08100,   7.87059, 151.15300,   0.12925,  -0.13191,  43.69410, -13.89150,   2.77399, -61.21140,   0.09782,  -0.11083, -17.66100
   3.56666,   0.00000,   0.00000,  -0.00000,  90.16780,  -5.64073,   9.54925,  85.24610,  76.32160, -86.73640,  19.47860,  -2.37049,  -2.58241,  17.33130,  -1.55333,   2.19319, -17.49560,  -0.12099,   3.98299, -89.41750,  -1.67791, -85.85040, -61.81080,  10.70690,  -6.76725,  29.50810,  -3.62931, -96.38200,   2.89385,   4.96852,   7.98236,  88.24470,   7.02447, -90.93190, -65.68330,  11.49720,   7.99036,  30.41080,  -4.44282, -97.51860,  11.20590,   5.39299,  -2.71105,-177.67800,  -3.84698, -16.38380,   0.08732,  -0.06899,  46.01440,   1.70796,   2.21231, -69.27260,   0.05256,  -0.08331, -18.05760, 174.86600,   7.24962, 152.81400,   0.19557,  -0.16369,  49.41760, -12.57360,   2.48030, -60.51320,   0.12765,  -0.14553, -17.99750
   3.60000,   0.00000,   0.00000,  -0.00000,  90.52570,  -5.01077,   9.29980,  86.43750,  76.56170, -87.92030,  19.04320,  -1.78119,  -2.67447,  17.12690,  -1.83522,   2.53158, -16.90590,  -1.12758,   3.92401, -89.58360,  -1.18008, -85.56060, -62.59670,  11.87070,  -3.56257,  30.51780,  -3.35707, -95.67330,   1.80565,   4.94283,   8.51306,  88.33360,   6.82277, -91.23950, -65.74280,  11.59290,   6.80306,  29.80560,  -4.52350, -97.83950,  11.20120,   5.38427,  -2.43299,-177.91300,  -2.83412, -16.63150,   0.07994,  -0.07122,  42.54550,   1.23300,   2.06072, -66.38290,   0.05424,  -0.08604, -18.10580, 173.42800,   6.69205, 155.33700,   0.26285,  -0.18754,  53.75420, -11.48330,   2.38606, -59.57570,   0.13930,  -0.15914, -18.12930
   3.63333,   0.00000,   0.00000,  -0.00000,  90.90080,  -4.15124,   8.91222,  87.84490,  76.79410, -89.27890,  18.61690,  -1.10897,  -2.69299,  16.89850,  -2.29349,   2.85982, -16.24820,  -2.42025,   3.94170, -89.71990,  -0.78032, -85.25180, -63.37170,  12.87020,  -0.80918,  30.61740,  -3.01617, -95.08080,   1.45599,   4.94795,   8.40753,  88.40320,   6.66759, -91.49890, -65.32800,  11.40610,   5.51691,  29.29290,  -4.68122, -98.27720,  11.12670,   5.36713,  -1.89811,-178.09800,  -1.64219, -17.34260,   0.07129,  -0.07087,  39.52520,   0.44098,   1.86236, -63.55200,   0.05464,  -0.08671, -18.11750, 172.10600,   6.24398, 158.52300,   0.31734,  -0.20021,  56.77950, -10.45370,   2.19387, -59.14870,   0.15835,  -0.18163, -18.34590
   3.66666,   0.00000,   0.00000,  -0.00000,  91.25960,  -3.23875,   8.45496,  89.47200,  77.00140, -90.81880,  18.22760,  -0.35750,  -2.64201,  16.71880,  -2.81308,   3.29411, -15.69180,  -3.80652,   3.73808, -89.80710,  -0.52784, -84.91520, -64.26990,  13.44620,   1.63379,  29.96320,  -2.77656, -94.80320,   1.73715,   4.95569,   8.24742,  88.48960,   6.45293, -91.79640, -64.58470,  10.98610,   4.15947,  29.21050,  -4.84732, -98.59440,  11.53590,   5.36392,  -1.79981,-178.10300,  -0.43041, -18.63160,   0.05284,  -0.05427,  37.30220,  -0.68732,   1.77056, -60.74240,   0.06032,  -0.09602, -18.28140, 171.09400,   5.83276, 162.18600,   0.35162,  -0.20476,  58.45250,  -9.33479,   1.92906, -58.60800,   0.21264,  -0.24659, -18.96840
   3.70000,   0.00000,   0.00000,  -0.00000,  91.61920,  -2.46333,   7.63225,  91.34520,  77.25280, -92.60690,  17.72840,   0.47857,  -2.60292,  16.39460,  -3.38465,   3.55108, -15.13660,  -5.28973,   3.74314, -89.90080,  -0.26437, -84.42950, -64.92470,  13.60060,   3.67864,  29.08080,  -2.75963, -94.94780,   1.82608,   4.96612,   8.03186,  88.55980,   6.28048, -92.05680, -63.33830,  10.51660,   2.56910,  28.62800,  -4.94396, -98.97230,  11.79960,   5.35807,  -1.62048,-177.90300,   0.81353, -20.91530,   0.02829,  -0.02495,  35.78180,  -2.40417,   1.41453, -57.77370,   0.06372,  -0.10161, -18.37960, 170.54400,   5.44416, 165.71000,   0.34255,  -0.18978,  58.99990,  -7.39475,   2.26881, -60.37300,   0.50604,  -0.62457, -22.48600
   3.73333,   0.00000,   0.00000,  -0.00000,  92.08380,  -2.03637,   6.75649,  93.65650,  77.41220, -94.90220,  17.38000,   1.47390,  -2.72089,  15.76360,  -4.07343,   3.56244, -14.15770,  -6.97694,   3.98370, -89.95140,  -0.12551, -83.79870, -65.35940,  13.31050,   5.04086,  27.84050,  -2.69414, -95.08590,   1.86567,   4.98738,   7.58722,  88.60880,   6.22352, -92.37260, -61.79520,   9.78425,   0.81305,  28.13510,  -5.03913, -99.32830,  12.18820,   5.35349,  -1.48270,-177.62400,   1.92398, -23.63930,   0.02507,  -0.02311,  34.63680,  -3.80354,   0.66373, -55.06600,   0.07051,  -0.11290, -18.57760, 170.34300,   4.85781, 168.77100,   0.31385,  -0.17701,  57.78450,  -5.91706,   1.88797, -61.09120,   1.04304,  -1.47150, -29.85690
   3.76666,   0.00000,   0.00000,  -0.00000,  92.56320,  -1.92110,   5.95673,  96.10360,  77.47960, -97.35670,  17.17410,   2.51532,  -2.89043,  14.86010,  -4.82805,   3.37510, -12.00100,  -8.72124,   4.09224, -89.94510,  -0.13891, -83.41110, -65.78600,  12.49150,   6.11444,  27.26890,  -2.54789, -94.92920,   2.59940,   5.00963,   7.11385,  88.67530,   6.17861, -92.87450, -60.11670,   8.77810,  -1.13260,  27.83260,  -4.98626, -99.34880,  12.67550,   5.36196,  -1.73939,-177.12400,   2.98382, -26.47710,   0.03471,  -0.04068,  33.50810,  -4.92990,  -0.50028, -52.88420,   0.09501,  -0.15428, -19.30020, 170.45700,   4.61866, 171.56500,   0.22615,  -0.13958,  53.60670,  -4.98791,   2.28952, -67.04540,   1.36189,  -2.12435, -35.19210
   3.80000,   0.00000,   0.00000,  -0.00000,  92.55630,  -1.81766,   5.22020,  98.05520,  77.44670, -99.16250,  17.14830,   3.36899,  -2.72664,  13.35440,  -5.51886,   2.77725,  -8.66629, -10.18910,   4.28407, -90.03960,   0.09771, -82.98080, -65.70670,  11.30500,   6.82336,  28.00730,  -2.53893, -94.76110,   2.51982,   5.00690,   7.17276,  88.70990,   6.38336, -93.54980, -58.16590,   7.55646,  -3.25117,  27.70450,  -4.87740, -99.19750,  13.10520,   5.37029,  -1.99457,-176.03800,   3.44921, -29.09340,   0.03228,  -0.04265,  31.88860,  -6.00307,  -1.04006, -51.71760,   0.11744,  -0.19325, -19.97580, 171.33100,   6.61244, 172.50100,   0.13070,  -0.08454,  48.70120,  -3.16695,   2.61654, -77.47490,   0.63946,  -0.81365, -24.18640
   3.83333,   0.00000,   0.00000,  -0.00000,  92.35550,  -2.45958,   4.33053,  99.93030,  77.26650,-100.81200,  17.38740,   4.24276,  -2.41531,  12.00850,  -5.63487,   2.31330,  -7.16666, -10.84050,   3.76784, -90.41100,   0.98183, -82.28880, -65.35680,   9.74587,   7.22226,  29.83030,  -2.63164, -94.57810,   1.77384,   4.98694,   7.59633,  88.76280,   6.48595, -94.17610, -55.89150,   6.37544,  -5.73720,  27.98980,  -4.71370, -98.78970,  13.83700,   5.38144,  -2.34364,-174.89600,   2.62670, -30.99900,   0.02488,  -0.03966,  29.03230,  -6.83891,  -1.30025, -51.62030,   0.12638,  -0.20908, -20.24870, 172.88400,   7.39381, 169.51600,   0.12854,  -0.08713,  48.21620,  -1.51251,   1.55655, -83.09470,   0.24075,  -0.28079, -19.29400
   3.86666,   0.00000,   0.00000,  -0.00000,  92.13800,  -3.61145,   3.89006, 100.50800,  76.77070,-101.17800,  18.32070,   4.67268,  -2.09677,  11.16510,  -4.99492,   2.26045,  -8.16108, -10.38300,   2.49282, -90.95240,   2.20347, -81.61830, -65.62640,   7.20596,   7.91037,  31.22940,  -2.69565, -94.43540,   1.32364,   4.96678,   8.01793,  88.84040,   6.36014, -94.64480, -53.53500,   5.45099,  -9.00881,  29.22450,  -4.45904, -97.91210,  13.96670,   5.38201,  -2.36165,-174.10400,   1.49400, -31.31420,   0.02191,  -0.04290,  25.10210,  -6.00278,  -2.12611, -52.96720,   0.12123,  -0.19993, -20.09100, 174.29800,   6.02628, 164.11800,   0.15269,  -0.10022,  51.12710,  -0.62932,   0.67390, -81.40130,   0.21411,  -0.24835, -18.98530
   3.90000,   0.00000,   0.00000,  -0.00000,  92.06440,  -3.40811,   4.80024,  98.50030,  76.08170, -99.06620,  19.81900,   3.96520,  -1.82844,  11.07230,  -4.46244,   2.95891,  -8.95151,  -9.20956,   1.50089, -90.93200,   2.19285, -81.96690, -67.52510,   4.02100,   9.09903,  32.61850,  -2.60944, -94.06920,   0.95884,   4.92873,   8.80109,  88.79710,   6.52428, -94.53000, -51.66670,   5.13034, -11.70410,  31.58810,  -4.30938, -96.96720,  13.38780,   5.38129,  -2.33928,-174.17400,   0.87959, -29.80520,   0.02243,  -0.05089,  21.73430,  -4.19346,  -2.87157, -54.94050,   0.11078,  -0.18156, -19.77350, 174.75100,   8.01962, 161.95500,   0.10850,  -0.06349,  52.07470,   0.34468,   2.03335, -79.45590,   0.19227,  -0.22203, -18.73390
   3.93333,   0.00000,   0.00000,  -0.00000,  91.86340,  -2.39008,   5.46971,  96.44710,  75.72110, -96.91540,  20.64560,   3.07827,  -1.50096,  11.51210,  -4.42558,   3.32572,  -8.86625,  -8.48837,   1.99302, -90.77380,   1.86626, -82.47550, -68.89900,   2.85924,   9.05120,  34.92000,  -2.51100, -93.59090,  -1.29296,   4.82119,  10.91800,  88.68770,   6.80553, -94.05900, -51.08490,   4.96026, -12.18190,  32.33420,  -4.29604, -96.74920,  13.40300,   5.37964,  -2.28728,-174.57600,  -0.92906, -29.37330,   0.02725,  -0.06353,  22.53780,  -7.27829,  -3.49698, -54.52900,   0.09890,  -0.16095, -19.41600, 175.30800,  10.03360, 160.85900,  -0.00839,   0.02699,  51.35610,   0.34931,   2.93964, -76.89430,   0.17498,  -0.20137, -18.53570
   3.96666,   0.00000,   0.00000,  -0.00000,  91.90130,  -2.31937,   5.82895,  95.84970,  75.59560, -96.44070,  20.92580,   2.79727,  -1.70315,  11.75820,  -4.45247,   3.47812,  -8.26750,  -7.98764,   2.72486, -90.79660,   1.94513, -82.72600, -68.84580,   3.71922,   7.89616,  36.29010,  -2.56681, -93.49010,  -4.48114,   4.73771,  12.47470,  88.59240,   7.01131, -93.61840, -51.89930,   4.88168, -10.64090,  30.73540,  -4.31586, -97.21360,  13.78320,   5.37193,  -2.04624,-174.74600,  -2.01425, -29.90530,   0.05116,  -0.09209,  28.56590,  -6.38725,  -2.16156, -55.02500,   0.09432,  -0.15307, -19.27910, 175.90700,   9.72202, 160.12400,   0.00143,   0.01815,  49.45320,   0.65947,   2.37780, -74.00340,   0.16886,  -0.19409, -18.46580
   4.00000,   0.00000,   0.00000,  -0.00000,  91.96310,  -2.48602,   6.40362,  95.26370,  75.48850, -96.03060,  21.16700,   2.50728,  -2.00826,  11.79850,  -4.33244,   3.45362,  -8.05793,  -7.29656,   3.00130, -90.83970,   2.07183, -82.93340, -68.30170,   5.18150,   6.47657,  34.63060,  -2.53882, -93.66980,  -4.55728,   4.75495,  12.15780,  88.51230,   7.20564, -93.30210, -53.39330,   5.13804,  -8.07639,  28.81810,  -4.29927, -97.75970,  14.69050,   5.36103,  -1.71109,-174.51100,  -2.25214, -29.31810,   0.08521,  -0.11653,  35.58830,  -6.54199,  -0.76468, -56.12060,   0.09981,  -0.16253, -19.44360, 176.25000,   8.71408, 160.31600,  -0.00072,   0.01947,  46.74270,   0.62178,   1.55392, -70.98510,   0.15711,  -0.18015, -18.33180
   4.03333,   0.00000,   0.00000,  -0.00000,  91.72480,  -2.56360,   6.79514,  94.35820,  75.51350, -95.16540,  21.14840,   2.05338,  -2.00393,  11.93390,  -4.14203,   3.09251,  -8.34837,  -6.47616,   3.12329, -90.78280,   1.96812, -83.30590, -68.14670,   6.33219,   5.01129,  32.48360,  -2.56156, -94.01550,  -2.39967,   4.83322,  10.68650,  88.43950,   7.34254, -92.96690, -54.86990,   5.74510,  -5.27573,  27.85630,  -4.23839, -97.96110,  14.88240,   5.35527,  -1.53622,-173.97100,  -2.32541, -27.95510,   0.12629,  -0.13663,  42.09580,  -6.87378,  -0.25813, -57.40300,   0.10607,  -0.17335, -19.63130, 176.79900,   8.12256, 160.75800,   0.03053,  -0.01254,  43.50930,   0.66097,   1.04534, -67.83810,   0.14867,  -0.17019, -18.23570
   4.06666,   0.00000,   0.00000,  -0.00000,  91.44370,  -2.81155,   6.89040,  93.32180,  75.69530, -94.17830,  20.81280,   1.52087,  -1.99840,  12.17450,  -3.84856,   2.80612,  -8.62578,  -5.43292,   3.02115, -90.60300,   1.56156, -83.88500, -68.25620,   6.99243,   3.36560,  30.92530,  -2.72865, -94.54340,  -0.02010,   4.90992,   9.17972,  88.35720,   7.49858, -92.60530, -56.20130,   6.68814,  -2.52271,  28.46300,  -4.27161, -97.82350,  14.53910,   5.35319,  -1.47337,-173.35800,  -2.76897, -26.18640,   0.17318,  -0.15252,  47.81800,  -6.92898,  -0.11879, -58.66180,   0.10649,  -0.17409, -19.64420, 177.33700,   7.38362, 160.87500,   0.04222,  -0.02914,  40.33300,   0.64038,   0.52382, -64.70640,   0.14543,  -0.16637, -18.19890
   4.10000,   0.00000,   0.00000,  -0.00000,  91.04090,  -3.12292,   7.11239,  91.97920,  75.85480, -92.85700,  20.51640,   0.85698,  -1.91676,  12.43710,  -3.46408,   2.48272,  -8.81075,  -4.28799,   3.05819, -90.36760,   0.97945, -84.42840, -68.22820,   7.43887,   1.37457,  29.54650,  -2.94745, -95.18330,   1.70192,   4.95536,   8.25455,  88.29290,   7.60432, -92.30800, -57.35850,   7.80352,   0.07617,  28.76740,  -4.27884, -97.73930,  13.82840,   5.35449,  -1.51285,-172.42300,  -3.12763, -23.55370,   0.22316,  -0.16442,  52.54190,  -7.41899,   1.25738, -59.93610,   0.10108,  -0.16470, -19.48140, 177.88200,   6.72748, 160.88200,   0.03892,  -0.02827,  37.67380,   0.63700,   0.21577, -61.83370,   0.13904,  -0.15885, -18.12640
   4.13333,   0.00000,   0.00000,  -0.00000,  90.73730,  -3.38027,   7.24461,  90.22530,  76.01870, -91.18210,  20.19700,   0.00421,  -1.92036,  12.65630,  -3.11213,   2.20288,  -9.06555,  -2.99503,   3.20273, -90.12060,   0.33270, -85.07510, -67.65060,   7.64937,  -0.81966,  28.36590,  -3.27345, -96.03710,   2.71539,   4.98095,   7.72192,  88.21230,   7.72586, -91.92930, -58.38100,   9.09942,   2.35591,  28.54310,  -4.28558, -97.82290,  13.52140,   5.35981,  -1.67364,-171.48000,  -3.24910, -20.48290,   0.27260,  -0.17422,  56.08950,  -8.13586,   4.87820, -61.05000,   0.09990,  -0.16267, -19.44590, 178.26600,   6.17941, 160.21200,   0.04887,  -0.04449,  36.03570,   0.62168,   0.05468, -59.38900,   0.14563,  -0.16661, -18.20130
   4.16666,   0.00000,   0.00000,  -0.00000,  90.31360,  -3.50075,   7.37382,  88.11130,  76.09100, -89.09680,  20.03100,  -1.00114,  -1.80015,  12.81750,  -2.67219,   1.95385,  -9.48832,  -1.66697,   3.30306, -89.93650,  -0.18057, -85.62330, -66.29110,   7.84361,  -3.47126,  27.24030,  -3.50794, -96.77800,   3.72438,   5.00428,   7.22815,  88.11070,   7.94662, -91.58020, -59.08670,  10.32160,   4.16032,  27.90320,  -4.35878, -98.16780,  13.26390,   5.35683,  -1.58279,-170.50100,  -3.09204, -16.98280,   0.31481,  -0.18352,  58.20040,  -9.21496,   9.27961, -61.74170,   0.10831,  -0.17727, -19.69930, 178.65700,   5.44253, 159.01300,   0.05818,  -0.05783,  35.26500,   0.43823,  -0.48098, -57.25730,   0.13343,  -0.15227, -18.06270
   4.20000,   0.00000,   0.00000,  -0.00000,  89.68940,  -3.42314,   7.51569,  85.79120,  76.06950, -86.70760,  20.01270,  -2.09636,  -1.46876,  13.07000,  -2.14308,   1.82123, -10.16680,  -0.36079,   3.21821, -89.83520,  -0.48140, -86.10220, -64.40030,   7.76319,  -6.39931,  26.85830,  -3.73010, -97.32050,   4.30839,   5.01976,   6.89618,  87.98380,   8.25070, -91.21650, -59.46270,  11.41190,   5.45728,  27.38420,  -4.37171, -98.37160,  13.25830,   5.35947,  -1.66326,-169.62700,  -2.66094, -13.37240,   0.33640,  -0.18835,  58.91700,  -9.89584,  13.02040, -61.78150,   0.12184,  -0.20098, -20.10930, 179.13000,   4.73755, 157.48700,   0.07057,  -0.07689,  34.90340,   0.16262,  -1.22172, -55.17210,   0.11577,  -0.13165, -17.86310
   4.23333,   0.00000,   0.00000,  -0.00000,  88.89530,  -3.10621,   7.30471,  83.36650,  76.09430, -84.12910,  19.85990,  -3.22184,  -0.96593,  13.02880,  -1.71914,   1.73212, -10.37540,   0.79234,   3.26160, -89.75560,  -0.72961, -86.48050, -62.40910,   7.48054,  -9.50053,  27.13760,  -3.92113, -97.59940,   4.31715,   5.01158,   7.07239,  87.86310,   8.58997, -90.97330, -59.72240,  12.03700,   6.46404,  27.44710,  -4.42645, -98.45220,  13.21960,   5.35995,  -1.67762,-169.20000,  -2.18048, -10.37640,   0.31050,  -0.17083,  58.64240,  -8.42512,  13.97110, -63.75360,   0.24222,  -0.43229, -24.02760, 179.65300,   4.47757, 155.36700,   0.08115,  -0.09457,  34.55950,  -0.12890,  -1.76553, -52.84980,   0.09862,  -0.11177, -17.67010
   4.26666,   0.00000,   0.00000,  -0.00000,  88.25200,  -2.62601,   6.92815,  81.17270,  76.08610, -81.79110,  19.74730,  -4.24141,  -0.50213,  13.04820,  -1.56217,   1.85313, -10.79880,   1.63947,   3.34510, -89.63450,  -1.11191, -86.80080, -60.86880,   6.86598, -12.75970,  27.59060,  -3.97237, -97.55140,   4.01249,   5.00590,   7.19377,  87.74620,   8.83384, -90.62570, -59.87570,  12.21370,   7.05175,  27.96110,  -4.47636, -98.36440,  13.10550,   5.36126,  -1.71778,-169.80400,  -1.88798,  -8.25538,   0.23389,  -0.13079,  56.70570,  -3.03959,  11.28350, -65.65970,   0.50542,  -1.16941, -35.80580, 179.83400,   4.17957, 153.11900,   0.08064,  -0.09975,  33.50630,  -0.54966,  -2.49595, -49.86230,   0.06650,  -0.07488, -17.31040
   4.30000,   0.00000,   0.00000,  -0.00000,  88.11440,  -2.39190,   6.59007,  79.82400,  76.00480, -80.45360,  19.80810,  -4.90235,  -0.40700,  13.15070,  -1.53046,   2.20583, -11.65550,   2.09217,   3.49497, -89.54210,  -1.42535, -87.18720, -59.69380,   6.13882, -15.98790,  27.88260,  -3.91648, -97.35600,   3.90445,   4.99558,   7.41353,  87.60300,   9.18961, -90.31240, -59.72840,  11.77680,   7.47049,  28.72360,  -4.71403, -98.52900,  12.87930,   5.36219,  -1.74618,-170.79200,  -2.36405,  -6.85301,   0.14207,  -0.08188,  52.58580,  -1.14715,   8.87917, -76.19100,   0.34915,  -0.67791, -28.05280, 179.37200,   3.57053, 151.24600,   0.05836,  -0.07701,  31.23070,  -1.01803,  -3.33514, -46.59310,   0.09742,  -0.11039, -17.65670
   4.33333,   0.00000,   0.00000,  -0.00000,  88.49540,  -2.15320,   6.38012,  79.57540,  75.77250, -80.42960,  20.23790,  -5.12341,  -0.79989,  12.91160,  -1.85684,   2.49317, -12.60560,   2.03053,   4.31597, -89.48930,  -1.63579, -87.65650, -58.41830,   5.30705, -19.21800,  28.18680,  -3.75587, -96.96910,   3.94415,   4.99461,   7.43356,  87.28290,  10.00040, -89.71480, -59.43240,  10.91350,   7.64752,  29.60050,  -5.02474, -98.76490,  12.93110,   5.36734,  -1.90401,-172.40100,  -2.74568,  -8.38466,   0.10843,  -0.06106,  51.26950,   0.49600,   6.84485, -81.12940,   0.17346,  -0.29549, -21.72740, 178.48300,   3.70430, 150.01900,   0.03389,  -0.04268,  28.53600,  -1.42199,  -3.34274, -46.71970,   0.14800,  -0.16938, -18.22800
   4.36666,   0.00000,   0.00000,  -0.00000,  88.82610,  -1.86601,   6.35267,  80.07230,  75.44430, -81.18170,  20.91720,  -5.02336,  -1.30014,  12.70610,  -2.26119,   2.46424, -13.54620,   1.52221,   5.56521, -89.45470,  -1.75151, -87.70480, -57.01870,   4.74601, -22.15120,  28.68500,  -3.47755, -96.32600,   3.88443,   4.98216,   7.69677,  87.03340,  10.71730, -89.42800, -59.98990,   9.51761,   7.89909,  30.09540,  -5.15023, -98.80460,  13.01740,   5.37723,  -2.21177,-173.64200,  -2.18449, -11.59940,   0.11027,  -0.06266,  52.07960,   0.97819,   6.09020, -81.44580,   0.11045,  -0.18098, -19.76360, 178.01300,   4.90228, 150.18200,   0.01310,  -0.00550,  24.46060,  -1.59691,  -2.73396, -48.44020,   0.18792,  -0.21681, -18.68380
   4.40000,   0.00000,   0.00000,  -0.00000,  89.31100,  -2.13883,   7.13987,  81.63170,  75.03260, -83.05960,  21.84070,  -4.41572,  -2.01658,  12.85460,  -2.52712,   2.20608, -14.06730,   0.89127,   6.52118, -89.44640,  -1.75248, -87.46400, -56.12830,   4.56691, -23.80110,  30.02270,  -3.39173, -95.84550,   3.25894,   4.96234,   8.10996,  87.05710,  10.65340, -89.45970, -61.58470,   8.38364,   8.31192,  30.45740,  -5.00871, -98.44530,  13.39980,   5.37947,  -2.28201,-174.50200,  -3.19458, -14.00280,   0.13022,  -0.07615,  53.15150,   1.43225,   6.58672, -79.58130,   0.09838,  -0.16007, -19.40080, 177.61500,   5.89918, 152.08900,  -0.01149,   0.05565,  19.99640,  -1.53406,  -2.74251, -51.52830,   0.20082,  -0.23232, -18.83210
   4.43333,   0.00000,   0.00000,  -0.00000,  89.54770,  -3.17197,   7.70087,  83.70860,  74.87120, -85.34080,  22.28900,  -3.43024,  -2.60387,  13.25000,  -2.50978,   1.68990, -13.97130,   0.28956,   6.81053, -89.49610,  -1.54136, -86.89120, -56.16120,   4.56101, -23.55060,  30.63430,  -3.43967, -95.78510,   2.88924,   4.94423,   8.48341,  87.26440,  10.22180, -89.93030, -62.93810,   8.18883,   8.38678,  30.74660,  -4.77665, -97.96910,  13.68190,   5.38439,  -2.43598,-174.90700,  -5.13064, -15.49230,   0.14304,  -0.08899,  52.69430,   1.99559,   7.24558, -77.32500,   0.09048,  -0.14651, -19.16490, 177.08400,   7.27603, 153.66400,   0.02342,  -0.06249,  17.53170,  -8.98429,  -3.83330, -50.18450,   0.16754,  -0.19251, -18.45070
   4.46666,   0.00000,   0.00000,  -0.00000,  89.73790,  -3.74967,   8.34928,  85.02240,  74.74180, -86.75270,  22.61280,  -2.79572,  -2.91833,  13.58510,  -2.46688,   1.53087, -13.65610,  -0.15065,   6.25521, -89.64210,  -1.05755, -86.30100, -56.78630,   4.59391, -21.59470,  30.12290,  -3.60361, -96.18260,   3.28790,   4.95072,   8.35053,  87.39580,   9.99675, -90.31790, -63.18460,   9.22898,   7.83281,  30.99790,  -4.71610, -97.79260,  13.78670,   5.39572,  -2.79930,-175.42800,  -5.40539, -15.94840,   0.13467,  -0.09087,  50.88010,   1.88010,   6.87602, -74.77570,   0.07718,  -0.12403, -18.77260, 177.09700,   8.56473, 152.59500,   0.04839,  -0.10105,  24.11290,  -8.14118,  -2.64168, -50.68760,   0.16257,  -0.18663, -18.39410
   4.50000,   0.00000,   0.00000,  -0.00000,  89.75330,  -3.48505,   8.89551,  85.45640,  74.66280, -87.20060,  22.78980,  -2.58751,  -2.98427,  13.97600,  -2.49813,   1.31151, -13.52360,  -0.76069,   6.34553, -89.80780,  -0.54816, -85.68070, -57.63110,   4.78988, -18.77720,  29.42760,  -3.73382, -96.58530,   3.77433,   4.96570,   8.04099,  87.42260,   9.99256, -90.45660, -62.90430,  10.93280,   6.65934,  30.58680,  -4.53141, -97.61340,  14.20820,   5.40968,  -3.25558,-175.78700,  -4.23841, -15.94790,   0.11686,  -0.08710,  48.14550,   1.29227,   6.08364, -71.72880,   0.07259,  -0.11634, -18.63800, 176.43000,   9.05750, 152.29400,   0.09217,  -0.14160,  32.06400,  -7.90320,  -1.32352, -51.50700,   0.17368,  -0.19980, -18.52080
   4.53333,   0.00000,   0.00000,  -0.00000,  89.77870,  -3.19214,   9.19140,  86.06050,  74.73440, -87.84770,  22.67130,  -2.26907,  -3.13693,  14.65800,  -2.65572,   1.16630, -13.67580,  -1.63197,   6.83843, -89.93270,  -0.18436, -84.94180, -58.61220,   5.28770, -15.71270,  29.57000,  -3.83278, -96.71910,   3.57896,   4.96826,   7.98743,  87.52600,   9.76001, -90.70150, -63.03050,  12.16610,   5.46068,  30.25870,  -4.47041, -97.61030,  14.12110,   5.41361,  -3.38453,-175.89700,  -3.49462, -15.71320,   0.10001,  -0.08414,  44.76440,   0.71793,   5.76582, -68.60140,   0.06399,  -0.10208, -18.38780, 175.58500,   8.54860, 152.69100,   0.14837,  -0.17412,  39.74680,  -7.60405,  -0.60343, -52.47240,   0.19346,  -0.22347, -18.74760
   4.56666,   0.00000,   0.00000,  -0.00000,  90.01160,  -2.72492,   9.35167,  86.88790,  74.89040, -88.75150,  22.38850,  -1.83143,  -3.38194,  15.48570,  -2.95979,   1.11048, -13.84500,  -2.79490,   7.39837, -90.04450,   0.11795, -84.32040, -59.49760,   6.08018, -12.76760,  30.00390,  -3.92899, -96.76720,   3.14753,   4.96046,   8.14915,  87.67650,   9.37139, -91.00810, -63.39850,  12.74220,   4.53588,  29.78450,  -4.53381, -97.86380,  14.33180,   5.41207,  -3.33368,-176.10700,  -2.93100, -15.43030,   0.08439,  -0.07966,  41.16360,   0.10599,   5.80803, -65.50100,   0.06097,  -0.09708, -18.30000, 174.62400,   8.26001, 153.82100,   0.21231,  -0.19579,  46.70690,  -7.01232,  -0.48762, -53.68400,   0.19279,  -0.22268, -18.74000
   4.60000,   0.00000,   0.00000,  -0.00000,  90.24470,  -1.79922,   9.33593,  87.75270,  75.09880, -89.60770,  21.99760,  -1.36633,  -3.46072,  16.30620,  -3.36551,   1.22430, -13.98440,  -4.09089,   7.87256, -90.12810,   0.32961, -83.76520, -60.34600,   7.15732, -10.15260,  29.88210,  -3.88925, -96.73220,   3.01485,   4.96508,   8.05343,  87.84300,   8.84714, -91.23920, -63.65750,  12.81630,   3.72334,  28.72340,  -4.54022, -98.21960,  14.80740,   5.40624,  -3.14149,-176.30200,  -1.95616, -15.48820,   0.06869,  -0.07168,  37.88360,  -0.66891,   5.86396, -62.66200,   0.06112,  -0.09735, -18.30460, 173.65800,   8.44790, 155.74300,   0.27781,  -0.20785,  52.48540,  -6.35688,  -0.26774, -55.07820,   0.20690,  -0.23963, -18.90210
   4.63333,   0.00000,   0.00000,  -0.00000,  90.59010,  -0.73711,   9.22139,  88.88400,  75.32070, -90.73790,  21.57820,  -0.77919,  -3.57432,  17.06190,  -3.85215,   1.34129, -14.07460,  -5.52451,   8.62817, -90.12060,   0.29665, -82.87000, -61.23670,   8.57603,  -8.42603,  29.45380,  -3.66611, -96.46010,   2.81323,   4.97592,   7.82736,  87.95950,   8.43803, -91.35270, -63.42640,  12.27270,   2.98234,  28.06120,  -4.66056, -98.66670,  14.63990,   5.40117,  -2.97529,-176.51300,  -1.00223, -16.07440,   0.05507,  -0.06091,  35.37510,  -1.88469,   5.96786, -60.16620,   0.07138,  -0.11434, -18.60280, 172.65700,   8.83329, 158.42500,   0.33304,  -0.20934,  56.87930,  -5.54915,  -0.09831, -56.81550,   0.22172,  -0.25757, -19.07320
   4.66666,   0.00000,   0.00000,  -0.00000,  90.96730,   0.14586,   9.18520,  90.70010,  75.49150, -92.51670,  21.25370,   0.13303,  -3.67227,  18.05650,  -4.31296,   1.55071, -14.50350,  -7.21458,   9.21764, -90.05230,   0.12248, -81.89670, -62.09180,  10.14420,  -7.35493,  28.89470,  -3.41436, -96.15900,   2.38705,   4.97063,   7.93786,  88.04830,   8.10136, -91.40630, -62.79930,  11.07520,   2.50979,  28.09150,  -4.94055, -99.16590,  14.41130,   5.39108,  -2.64952,-176.52100,  -0.51939, -17.03310,   0.04027,  -0.04338,  33.78340,  -3.99424,   6.35448, -58.30910,   0.08159,  -0.13146, -18.90240, 171.77000,   8.99828, 161.84600,   0.37570,  -0.20947,  59.57460,  -5.05934,  -0.08559, -57.69880,   0.23636,  -0.27540, -19.24290
   4.70000,   0.00000,   0.00000,  -0.00000,  91.52980,   0.69534,   8.88097,  93.32570,  75.65370, -95.10710,  20.90820,   1.42090,  -3.83816,  18.89800,  -4.84766,   1.77316, -15.11300,  -8.76550,   9.60080, -90.06560,   0.14900, -81.23190, -62.54290,  11.57660,  -6.76996,  28.17370,  -3.14842, -95.85480,   2.19405,   4.97946,   7.75321,  88.10110,   7.89064, -91.42290, -61.82140,   9.15385,   2.24902,  27.86810,  -5.15002, -99.63510,  14.55380,   5.38500,  -2.45578,-176.81000,  -0.62414, -19.05460,   0.06748,  -0.08286,  33.58690,  -4.60756,   6.69078, -57.34340,   0.09650,  -0.15683, -19.34450, 171.02800,   8.72441, 165.38400,   0.38843,  -0.20229,  60.74410,  -4.59091,   0.24140, -59.23690,   0.40881,  -0.49393, -21.28920
   4.73333,   0.00000,   0.00000,  -0.00000,  92.15230,   1.03531,   8.60029,  96.05000,  75.68570, -97.84440,  20.76700,   2.74266,  -4.10476,  19.39050,  -5.33375,   1.88460, -15.57840, -10.25210,   9.99419, -90.08870,   0.19730, -80.81180, -62.61150,  12.63010,  -6.48147,  27.91910,  -3.01608, -95.67060,   2.43781,   4.99404,   7.44596,  88.17450,   7.74751, -91.69820, -60.90650,   6.81323,   1.97572,  27.56340,  -5.26955, -99.97930,  14.72530,   5.37644,  -2.18706,-177.04000,  -0.66074, -21.49910,   0.07018,  -0.08414,  33.87540,  -5.34116,   6.79253, -56.37220,   0.10219,  -0.16662, -19.51460, 170.56700,   8.42096, 168.92800,   0.37054,  -0.19176,  60.24200,  -4.11210,   0.58420, -61.14040,   0.86275,  -1.15946, -27.21030
   4.76666,   0.00000,   0.00000,  -0.00000,  92.55480,   1.31035,   8.44117,  98.07150,  75.56620, -99.83410,  20.90980,   3.75402,  -4.23208,  19.62290,  -5.57354,   1.95773, -16.40430, -11.41580,   9.89195, -90.09910,   0.21734, -80.49040, -62.67530,  12.84930,  -6.13854,  28.24300,  -3.13875, -95.82020,   2.34614,   5.00876,   7.13290,  88.31380,   7.41220, -92.14610, -60.17750,   4.61880,   1.06853,  28.09990,  -5.37880, -99.95760,  14.69740,   5.36597,  -1.86301,-176.91200,  -0.41262, -24.14800,   0.05341,  -0.05860,  34.20250,  -6.41780,   6.62409, -55.22380,   0.11083,  -0.18166, -19.77520, 170.53400,   8.60625, 172.11200,   0.31308,  -0.17375,  57.47430,  -4.18881,   0.42059, -64.88900,   1.40970,  -2.23743, -36.09330
   4.80000,   0.00000,   0.00000,  -0.00000,  92.47690,   1.42994,   8.37248,  99.32190,  75.29770,-100.90500,  21.36220,   4.45629,  -4.02077,  19.67090,  -5.61850,   1.93263, -17.65410, -12.13400,   9.44246, -90.26570,   0.57972, -80.37670, -62.72190,  12.16630,  -5.55071,  28.25720,  -3.32656, -96.16190,   2.57709,   5.03164,   6.63923,  88.41490,   7.30578, -92.72280, -59.04100,   2.77714,  -0.60910,  28.95340,  -5.51259, -99.85070,  14.89160,   5.35841,  -1.63176,-176.16200,  -0.21485, -26.45390,   0.03558,  -0.03507,  33.53060,  -7.36311,   6.41361, -54.12070,   0.12492,  -0.20648, -20.20410, 171.46900,  10.00360, 173.55000,   0.20223,  -0.11874,  53.62720,  -2.98515,   0.69551, -75.35320,   0.85593,  -1.14828, -27.11420
   4.83333,   0.00000,   0.00000,  -0.00000,  92.40500,   0.99724,   8.04417,  99.90920,  75.02270,-101.30000,  21.86030,   4.84919,  -3.73224,  19.15020,  -5.43093,   1.69294, -18.60990, -12.31020,   8.51619, -90.52880,   1.15003, -80.30430, -63.40240,  10.68060,  -4.57092,  28.29890,  -3.42373, -96.32920,   3.13977,   5.08575,   5.43900,  88.54230,   7.05974, -93.30240, -57.65700,   1.57950,  -3.09351,  29.36840,  -5.44674, -99.57440,  14.98400,   5.35570,  -1.54838,-175.29700,  -0.06206, -28.14070,   0.02177,  -0.01847,  31.40630,  -8.15875,   5.61122, -54.23090,   0.13415,  -0.22296, -20.48790, 172.96700,  10.44950, 171.37900,   0.16041,  -0.09333,  52.83410,  -1.69180,  -0.51010, -80.30510,   0.39584,  -0.47694, -21.13210
   4.86666,   0.00000,   0.00000,  -0.00000,  92.26390,   0.35745,   7.77590,  99.37040,  74.76820,-100.55200,  22.39550,   4.67338,  -3.30172,  18.63840,  -5.00847,   1.56517, -19.77330, -11.60580,   6.87666, -90.76020,   1.66337, -80.43460, -65.00730,   8.27184,  -2.72457,  28.45750,  -3.57219, -96.55780,   3.26153,   5.11631,   4.73757,  88.71220,   6.56060, -93.86860, -56.57080,   1.11285,  -5.93327,  30.49850,  -5.39461, -99.06900,  14.60920,   5.35086,  -1.40301,-174.29000,   0.19759, -28.43770,   0.00507,   0.00474,  27.27830,  -9.09159,   3.92988, -54.62880,   0.13241,  -0.21983, -20.43400, 174.34600,  10.18240, 167.66000,   0.15908,  -0.09212,  53.71060,  -0.47593,  -0.92559, -80.96890,   0.22254,  -0.25856, -19.08250
   4.90000,   0.00000,   0.00000,  -0.00000,  91.60920,   0.13987,   8.04220,  97.90840,  74.47280, -98.73170,  23.06460,   4.03896,  -2.47992,  18.47220,  -4.64733,   1.80258, -20.89090, -10.61330,   5.34463, -90.73540,   1.63360, -80.76070, -67.52610,   5.62240,  -0.71226,  28.45700,  -3.51192, -96.44840,   2.85853,   5.10205,   5.06763,  88.78010,   6.30402, -94.02450, -55.42340,   1.46128,  -8.44299,  31.52020,  -5.36394, -98.66700,  14.38180,   5.34499,  -1.22700,-172.75300,   0.28147, -26.83530,   0.00022,   0.00790,  21.39050, -11.30730,   1.76363, -54.59790,   0.12044,  -0.19854, -20.06710, 175.88300,  10.99430, 164.66100,   0.17649,  -0.10395,  54.43320,   0.71406,  -0.68407, -79.37200,   0.18020,  -0.20760, -18.59560
   4.93333,   0.00000,   0.00000,  -0.00000,  91.34440,   0.10115,   8.12095,  96.44880,  74.33340, -97.09090,  23.41690,   3.32633,  -1.98097,  18.69880,  -4.50638,   2.38226, -21.69870,  -9.72469,   4.25100, -90.51860,   1.19370, -81.51680, -69.95700,   3.62740,   0.60560,  29.04240,  -3.24692, -95.82420,   1.84480,   5.04448,   6.35991,  88.74240,   6.28671, -93.66440, -54.65220,   2.01771,  -9.81723,  31.86720,  -5.50590, -98.77430,  13.99590,   5.34132,  -1.11835,-172.66100,  -1.29298, -26.49530,   0.01213,  -0.03039,  19.08040, -12.76120,  -0.65194, -52.40300,   0.09911,  -0.16133, -19.42270, 176.77300,  12.58540, 162.37000,   0.19071,  -0.11947,  53.80660,   1.83616,   0.37339, -76.91340,   0.15962,  -0.18312, -18.36030
   4.96666,   0.00000,   0.00000,  -0.00000,  91.39400,  -0.30726,   8.00020,  95.55400,  74.31780, -96.25590,  23.49050,   2.84817,  -2.00380,  18.87510,  -4.33641,   2.69294, -22.01090,  -8.98878,   4.10250, -90.33280,   0.79384, -82.25480, -70.89410,   3.13287,   0.89444,  31.22820,  -3.17967, -95.22730,  -0.05030,   4.96292,   8.10055,  88.71240,   6.28493, -93.39750, -55.06210,   2.31587,  -9.57964,  31.34810,  -5.79389, -99.40980,  14.11040,   5.33320,  -0.87901,-172.91600,  -3.39457, -27.33950,   0.03589,  -0.08670,  22.21900, -12.96660,   0.32168, -51.28450,   0.10008,  -0.16301, -19.45180, 177.51900,  12.55180, 160.82300,   0.18266,  -0.12631,  51.71740,   2.01117,   0.62595, -74.01640,   0.15106,  -0.17300, -18.26290
   5.00000,   0.00000,   0.00000,  -0.00000,  91.54890,  -0.96488,   7.83141,  94.81560,  74.37750, -95.70110,  23.40380,   2.42426,  -2.28273,  19.00550,  -4.04484,   2.79277, -22.26690,  -8.23076,   4.18150, -90.17740,   0.43702, -82.91270, -70.66930,   3.59207,   0.59537,  32.18580,  -3.12554, -94.95120,  -1.70761,   4.90202,   9.33768,  88.72260,   6.20467, -93.34220, -56.42950,   2.52781,  -8.32555,  30.21180,  -5.88690, -99.99000,  14.56480,   5.33000,  -0.78543,-172.54800,  -3.74765, -28.21840,   0.07026,  -0.13251,  27.97660, -12.62590,   2.25863, -51.23020,   0.10378,  -0.16938, -19.56250, 177.99100,  11.89570, 159.97100,   0.16783,  -0.13103,  48.73010,   1.43302,   0.83583, -71.11370,   0.14646,  -0.16758, -18.21070
   5.03333,   0.00000,   0.00000,  -0.00000,  91.68010,  -1.40743,   7.67530,  93.88180,  74.48760, -94.92310,  23.21560,   1.89879,  -2.48364,  19.20010,  -3.81220,   2.75527, -22.64140,  -7.33125,   4.11944, -90.00470,   0.01185, -83.69300, -70.12030,   4.20369,   0.08489,  31.26400,  -2.95835, -94.85870,  -1.74013,   4.90323,   9.31332,  88.74210,   6.09479, -93.31540, -58.10370,   2.64984,  -6.46648,  29.99700,  -6.05515,-100.35500,  14.55270,   5.32114,  -0.52880,-172.10700,  -3.33410, -28.61660,   0.11724,  -0.17178,  34.41490, -12.65950,   3.55512, -51.80890,   0.10449,  -0.17061, -19.58380, 178.32000,  12.12910, 159.61300,   0.29576,  -0.27457,  45.47760,   1.32665,   1.60796, -68.76560,   0.13555,  -0.15477, -18.08700
   5.06666,   0.00000,   0.00000,  -0.00000,  91.66190,  -1.81690,   7.55207,  93.03300,  74.65410, -94.09540,  22.90270,   1.43774,  -2.42658,  19.39550,  -3.65396,   2.53758, -22.96330,  -6.40218,   3.74762, -89.85340,  -0.39266, -84.52140, -69.58160,   4.88761,  -0.67284,  30.64820,  -2.90293, -94.88530,  -0.63697,   4.92583,   8.85942,  88.76430,   5.91638, -93.18080, -59.48780,   2.97415,  -4.21304,  30.10630,  -6.12665,-100.43000,  14.73840,   5.31848,  -0.45241,-171.70400,  -3.18376, -28.37630,   0.17161,  -0.19802,  40.92430, -12.47740,   4.58860, -53.41060,   0.10188,  -0.16610, -19.50550, 178.79600,  12.93810, 159.39200,   0.45167,  -0.47562,  42.43870,   1.87652,   2.88808, -67.07430,   0.10784,  -0.12245, -17.77380
   5.09999,   0.00000,   0.00000,  -0.00000,  91.49390,  -2.43319,   7.56791,  92.27800,  74.82280, -93.28600,  22.57740,   1.04319,  -2.23385,  19.59930,  -3.43797,   2.08904, -23.27710,  -5.44415,   3.37525, -89.72770,  -0.74303, -84.87470, -68.98070,   5.53642,  -2.06931,  30.63060,  -2.97718, -95.01290,  -0.24807,   4.93811,   8.60882,  88.75540,   5.85038, -92.96740, -60.30150,   3.62198,  -1.88482,  29.65770,  -6.00033,-100.40300,  14.77450,   5.31926,  -0.47450,-171.35200,  -3.50790, -27.41060,   0.22994,  -0.21053,  47.37160, -11.57700,   5.16061, -55.46390,   0.10819,  -0.17705, -19.69540, 179.29500,  13.83470, 159.26800,   0.49358,  -0.57012,  39.83260,   1.81609,   4.57343, -65.90850,   0.08611,  -0.09737, -17.52980
   5.13333,   0.00000,   0.00000,  -0.00000,  91.31560,  -3.11438,   7.70298,  91.43560,  75.02210, -92.36410,  22.18720,   0.61398,  -1.98580,  19.91340,  -3.24023,   1.61800, -23.47540,  -4.49624,   2.91058, -89.64480,  -0.98421, -85.15400, -68.27130,   5.96781,  -3.65523,  30.37810,  -3.14611, -95.34890,   0.19768,   4.93987,   8.57285,  88.75070,   5.76708, -92.75510, -60.81190,   4.44914,   0.49505,  29.60220,  -5.89108,-100.24100,  14.55140,   5.32822,  -0.73340,-171.09500,  -3.95856, -25.69080,   0.29725,  -0.21840,  53.33720, -11.19640,   5.91024, -57.07790,   0.10029,  -0.16337, -19.45800, 179.63400,  14.46420, 158.98600,   0.44451,  -0.54355,  37.99540,   1.03170,   6.07779, -65.12110,   0.12941,  -0.14757, -18.01730
   5.16666,   0.00000,   0.00000,  -0.00000,  91.04100,  -3.87436,   8.02260,  90.65390,  75.18630, -91.47210,  21.86190,   0.22918,  -1.68750,  20.12470,  -3.05272,   1.20547, -23.36770,  -3.50056,   2.45134, -89.57420,  -1.19995, -85.46170, -67.43050,   6.13977,  -5.44045,  29.77500,  -3.28211, -95.71460,   1.23465,   4.96062,   8.14621,  88.75040,   5.67760, -92.56600, -61.08380,   5.36963,   2.84721,  29.59400,  -5.83404,-100.14700,  14.56160,   5.33495,  -0.92996,-170.76800,  -4.35202, -23.14820,   0.37228,  -0.22383,  58.46610, -11.49020,   7.27485, -57.76380,   0.10749,  -0.17583, -19.67420,-179.94000,  14.54750, 158.53600,   0.37097,  -0.46502,  36.90120,   0.52382,   6.90138, -64.82800,   0.15476,  -0.17736, -18.30490
   5.19999,   0.00000,   0.00000,  -0.00000,  90.73130,  -4.71302,   8.26197,  89.74600,  75.36160, -90.45560,  21.50970,  -0.21107,  -1.38496,  20.18490,  -2.78736,   0.77063, -23.05510,  -2.40633,   2.10558, -89.53920,  -1.31635, -85.70570, -66.42380,   6.03724,  -7.26670,  29.35870,  -3.52848, -96.24380,   2.30726,   4.98299,   7.67967,  88.75160,   5.59792, -92.40630, -61.17880,   6.31190,   4.89584,  29.53970,  -5.74158,-100.01200,  14.83270,   5.34294,  -1.16633,-170.41800,  -4.59124, -20.09460,   0.45390,  -0.23130,  62.34710, -12.84360,   9.65190, -57.71450,   0.10802,  -0.17675, -19.69040,-179.47700,  14.00870, 157.67600,   0.27886,  -0.34754,  36.22360,  -0.00855,   7.09975, -64.28110,   0.18977,  -0.21903, -18.70510
   5.23333,   0.00000,   0.00000,  -0.00000,  90.35770,  -5.58293,   8.69959,  88.73360,  75.39620, -89.34640,  21.43210,  -0.70168,  -1.09760,  20.04640,  -2.43944,   0.40787, -22.59230,  -1.33923,   1.90315, -89.55150,  -1.28587, -85.76940, -65.31030,   5.51537,  -9.27441,  28.71570,  -3.76723, -96.83900,   3.02818,   5.00242,   7.26836,  88.70790,   5.70580, -92.21780, -60.88950,   7.05209,   6.43372,  29.53830,  -5.72234, -99.97970,  14.63640,   5.34517,  -1.23285,-170.08700,  -4.78293, -16.37910,   0.52250,  -0.23912,  64.62940, -14.27970,  13.23670, -56.36730,   0.11901,  -0.19604, -20.02380,-179.03100,  13.27840, 156.79000,   0.19079,  -0.22795,  35.92190,  -0.46269,   7.10569, -63.85340,   0.21439,  -0.24868, -18.98850
   5.26666,   0.00000,   0.00000,  -0.00000,  89.97460,  -6.26875,   8.88934,  87.58430,  75.44400, -88.11720,  21.31780,  -1.25874,  -0.83307,  19.84670,  -2.07286,   0.07612, -22.25160,  -0.29866,   1.95392, -89.56270,  -1.25283, -85.75390, -64.28610,   4.82262, -11.33940,  28.13190,  -3.94305, -97.32880,   3.79013,   5.01798,   6.93493,  88.60380,   5.99367, -91.86140, -60.33720,   7.64167,   7.47164,  29.61640,  -5.69528, -99.90270,  14.72150,   5.34906,  -1.34912,-170.09700,  -4.80922, -12.70400,   0.54360,  -0.24285,  64.94490, -15.11230,  15.84890, -54.77740,   0.18747,  -0.32230, -22.18180,-178.58600,  12.80210, 155.51700,   0.08430,  -0.08161,  35.53190,  -1.19283,   7.15954, -63.16000,   0.23592,  -0.27484, -19.23750
   5.29999,   0.00000,   0.00000,  -0.00000,  89.56590,  -6.74057,   8.61726,  86.34250,  75.59420, -86.81530,  20.98680,  -1.84726,  -0.60693,  19.49460,  -1.69479,  -0.05249, -21.68320,   0.56469,   2.07215, -89.55860,  -1.26917, -85.81840, -63.51080,   3.94487, -13.27250,  28.07520,  -4.13404, -97.69720,   4.39079,   5.02727,   6.73399,  88.47290,   6.45304, -91.65590, -59.67660,   7.79437,   8.45551,  29.49210,  -5.79580,-100.12300,  14.68900,   5.34728,  -1.29625,-170.87500,  -5.03078,  -9.63414,   0.42237,  -0.19796,  63.04140,  -9.82491,  15.23300, -56.55460,   0.41500,  -0.85810, -30.93470,-177.97600,  12.57280, 153.78900,  -0.01828,   0.06608,  34.64620,  -1.77312,   7.02463, -62.44190,   0.24237,  -0.28276, -19.31260
   5.33333,   0.00000,   0.00000,  -0.00000,  89.12810,  -6.97931,   7.66832,  85.26530,  75.91860, -85.64680,  20.30450,  -2.31263,  -0.35138,  19.26180,  -1.48111,  -0.06071, -21.36490,   1.13857,   2.33954, -89.52210,  -1.37363, -85.81330, -62.99940,   3.33790, -15.20550,  27.99660,  -4.20513, -97.85310,   4.66483,   5.02890,   6.69871,  88.34110,   6.83830, -91.32890, -59.08850,   7.73256,   9.20734,  29.39200,  -5.86046,-100.27400,  14.96500,   5.35379,  -1.49136,-172.03500,  -5.65193,  -6.61495,   0.21950,  -0.11773,  56.83000,  -0.07296,  12.65950, -65.79700,   0.56508,  -1.46217, -40.29500,-177.32400,  11.98180, 151.67200,  -0.10167,   0.19745,  32.84320,  -2.83547,   6.31113, -62.15620,   0.23501,  -0.27378, -19.22730
   5.36666,   0.00000,   0.00000,  -0.00000,  89.15090,  -6.96045,   6.88077,  84.21710,  76.01220, -84.66920,  20.07310,  -2.80364,  -0.41088,  18.67730,  -1.42653,   0.38995, -21.66010,   1.44195,   2.42026, -89.55300,  -1.28589, -85.82800, -62.35640,   2.72393, -17.06940,  27.90120,  -4.33653, -98.12730,   4.72139,   5.02822,   6.71313,  88.11560,   7.49839, -90.84980, -58.23450,   7.43589,   9.34276,  29.40800,  -6.02752,-100.55300,  14.88920,   5.35762,  -1.60728,-173.21400,  -6.19187,  -6.28641,   0.14185,  -0.07634,  53.41910,   1.41497,   9.49570, -75.66590,   0.36964,  -0.73103, -28.90790,-177.41900,  11.06060, 150.38600,  -0.14952,   0.30092,  29.66340,  -4.68071,   5.08383, -62.26950,   0.24293,  -0.28348, -19.31930
   5.39999,   0.00000,   0.00000,  -0.00000,  89.87780,  -6.35670,   6.64492,  83.31200,  75.80970, -84.14200,  20.42160,  -3.31950,  -1.06779,  17.62590,  -1.66265,   1.04057, -21.47060,   1.31249,   2.99148, -89.54200,  -1.35247, -86.28970, -61.45440,   2.18426, -18.65510,  27.36120,  -4.25434, -98.15790,   5.45308,   5.04411,   6.36760,  87.80160,   8.41043, -90.29420, -58.05520,   6.65343,   9.19040,  29.63620,  -6.08364,-100.55300,  14.86470,   5.37277,  -2.07313,-175.34100,  -5.62206,  -8.32249,   0.11026,  -0.05715,  52.36080,   2.57029,   6.71205, -78.64540,   0.23452,  -0.41627, -23.76050,-178.68800,  11.03960, 150.81600,  -0.16965,   0.40700,  24.56480,  -8.45205,   3.82557, -62.31690,   0.25394,  -0.29697, -19.44740
   5.43333,   0.00000,   0.00000,  -0.00000,  90.48880,  -5.64217,   7.26014,  83.08570,  75.37490, -84.20900,  21.26540,  -3.56428,  -1.58622,  17.16100,  -2.00431,   1.18115, -21.36260,   0.81822,   3.79607, -89.46870,  -1.57222, -86.32500, -60.71710,   2.31424, -19.91920,  27.20520,  -3.78310, -97.31420,   6.00214,   5.06308,   5.94734,  87.76360,   8.45703, -90.12880, -59.53180,   5.45830,   9.02746,  30.09780,  -6.01990,-100.25600,  14.60100,   5.37867,  -2.25696,-176.87700,  -3.93993,  -9.71411,   0.09079,  -0.04492,  51.62200,   2.74620,   5.18755, -79.48830,   0.14749,  -0.24715, -20.90290,-179.91100,  12.32960, 153.44400,  -0.08984,   0.30398,  17.95040, -12.56710,   1.32637, -61.94500,   0.23796,  -0.27736, -19.26160
   5.46666,   0.00000,   0.00000,  -0.00000,  90.67990,  -6.18021,   7.68186,  84.63660,  75.14590, -85.82800,  21.80160,  -2.84881,  -1.84443,  17.58110,  -2.04807,   1.15906, -21.45450,   0.45043,   3.83289, -89.57180,  -1.26378, -86.28200, -60.44190,   2.61787, -19.81920,  29.06070,  -3.69622, -96.61750,   4.86557,   5.02968,   6.68321,  87.89300,   8.17985, -90.50170, -60.86130,   4.60559,   8.72481,  30.72320,  -5.99510, -99.96760,  14.42120,   5.37097,  -2.01697,-177.36500,  -4.48880, -11.04260,   0.08802,  -0.04673,  50.70660,   2.91267,   4.99210, -78.61620,   0.09993,  -0.16274, -19.44720, 179.93200,  13.80380, 154.58200,   0.00958,  -0.02427,  15.40090, -16.09960,  -1.87107, -57.86980,   0.19056,  -0.21997, -18.71410
   5.49999,   0.00000,   0.00000,  -0.00000,  90.82310,  -6.80753,   8.29234,  86.10140,  74.94380, -87.29080,  22.26580,  -2.14082,  -1.96823,  17.58190,  -1.88915,   1.24740, -20.66720,   0.25855,   3.36286, -89.68000,  -0.93203, -86.04580, -61.05090,   2.99647, -18.10490,  30.35170,  -3.70771, -96.30190,   3.76299,   4.99426,   7.44210,  87.95710,   8.13558, -90.85250, -61.08880,   5.03634,   7.76884,  31.13700,  -6.00208, -99.82000,  14.36150,   5.37377,  -2.10353,-177.66400,  -5.09813, -11.88010,   0.08905,  -0.05210,  49.51400,   2.97746,   4.85551, -76.35130,   0.09019,  -0.14607, -19.15720, 179.20200,  13.27030, 152.55600,   0.02739,  -0.05565,  23.68050, -13.43810,  -1.68672, -57.22630,   0.17973,  -0.20701, -18.59000
   5.53333,   0.00000,   0.00000,  -0.00000,  90.51600,  -6.58588,   8.69177,  86.65690,  74.84960, -87.64230,  22.47580,  -1.84338,  -1.61376,  17.60240,  -1.87175,   1.30556, -20.20780,  -0.03295,   3.30718, -89.76620,  -0.66801, -85.70800, -62.14780,   3.58494, -15.08180,  29.92350,  -3.57240, -96.17870,   4.10103,   4.99738,   7.37552,  87.92000,   8.29888, -90.87660, -60.51790,   6.45284,   6.20401,  31.13580,  -5.98482, -99.79290,  13.90680,   5.37674,  -2.19615,-177.31500,  -5.08453, -12.32990,   0.08793,  -0.05871,  47.52470,   2.79426,   5.27088, -73.73700,   0.08257,  -0.13311, -18.93110, 177.86900,  12.20470, 152.06200,   0.06554,  -0.10088,  31.85140, -13.49090,   0.89166, -56.24970,   0.17383,  -0.19998, -18.52240
   5.56666,   0.00000,   0.00000,  -0.00000,  90.24390,  -6.14357,   8.73948,  87.04900,  74.95350, -87.86830,  22.28180,  -1.60985,  -1.32891,  17.63770,  -1.95361,   1.65196, -19.98960,  -0.57744,   3.33119, -89.88470,  -0.32464, -85.44730, -63.14660,   4.35385, -11.20640,  29.29020,  -3.54082, -96.28290,   4.51071,   5.00834,   7.14155,  87.91360,   8.37428, -90.95580, -60.08440,   7.91416,   4.62115,  31.07370,  -5.96741, -99.78850,  13.75700,   5.37486,  -2.13833,-176.93900,  -4.95967, -12.66490,   0.08413,  -0.06429,  44.81850,   2.49603,   5.80818, -70.94810,   0.07197,  -0.11532, -18.62000, 176.44000,  10.53500, 152.44000,   0.12177,  -0.14574,  39.20690, -13.14250,   2.77471, -55.75960,   0.17211,  -0.19791, -18.50280
   5.59999,   0.00000,   0.00000,  -0.00000,  90.17530,  -5.62259,   8.55067,  87.61550,  75.16780, -88.35580,  21.86840,  -1.29207,  -1.23726,  17.44670,  -2.14001,   2.17885, -19.84400,  -1.45325,   3.36651, -90.00230,   0.00616, -85.10760, -63.84230,   5.49820,  -7.41029,  28.85690,  -3.48214, -96.28990,   4.50706,   5.01656,   6.96512,  88.00680,   8.11781, -91.15480, -60.19950,   8.84018,   3.23378,  30.90130,  -6.01032, -99.92340,  13.86600,   5.36997,  -1.98544,-176.81600,  -4.28337, -13.11520,   0.07688,  -0.06612,  41.92090,   1.89884,   5.93150, -68.13360,   0.06531,  -0.10426, -18.42620, 175.16500,   9.26014, 153.38200,   0.18993,  -0.18135,  45.73770, -12.07680,   2.71245, -55.95760,   0.19447,  -0.22467, -18.75910
   5.63333,   0.00000,   0.00000,  -0.00000,  90.33440,  -5.08035,   8.14977,  88.67450,  75.47400, -89.40360,  21.27510,  -0.74061,  -1.32465,  17.16390,  -2.48395,   2.68499, -19.56140,  -2.59780,   3.49866, -90.07340,   0.19903, -84.76910, -64.45080,   7.06322,  -4.09192,  28.88060,  -3.33886, -96.02740,   4.10159,   5.01313,   7.03933,  88.14050,   7.69409, -91.36920, -60.51990,   9.10178,   2.11772,  30.34670,  -6.07711,-100.25000,  13.71250,   5.35971,  -1.67077,-176.95100,  -3.06119, -13.92120,   0.06867,  -0.06568,  39.26000,   1.27299,   5.49321, -65.38720,   0.06291,  -0.10028, -18.35620, 173.89500,   8.25647, 154.85600,   0.25689,  -0.20292,  51.09920, -10.62840,   2.05044, -56.29340,   0.20381,  -0.23589, -18.86640
   5.66666,   0.00000,   0.00000,  -0.00000,  90.70740,  -4.60296,   7.82363,  90.15900,  75.74540, -90.94990,  20.74360,  -0.01186,  -1.58526,  16.98810,  -2.80720,   2.98873, -19.25870,  -3.86917,   3.81071, -90.11090,   0.29406, -84.34530, -64.99110,   8.78423,  -1.32619,  29.13190,  -3.20913, -95.73590,   3.74036,   5.00858,   7.13622,  88.26130,   7.32473, -91.60730, -60.58180,   8.95471,   0.97778,  29.55960,  -6.04801,-100.52400,  13.57000,   5.35278,  -1.46078,-177.18800,  -1.76158, -15.00270,   0.06312,  -0.06534,  37.24340,   0.45999,   4.89543, -62.98880,   0.05286,  -0.08380, -18.06610, 172.51900,   7.30657, 157.23700,   0.30984,  -0.21122,  54.91420,  -9.36447,   2.14513, -56.88100,   0.21398,  -0.24820, -18.98380
   5.69999,   0.00000,   0.00000,  -0.00000,  91.15780,  -4.09937,   7.67906,  91.78620,  75.88550, -92.62710,  20.45690,   0.76673,  -1.82588,  16.96050,  -3.03107,   3.19355, -19.22900,  -4.97724,   3.89097, -90.15220,   0.39365, -83.86920, -65.57430,  10.28920,   1.00900,  29.06560,  -3.15303, -95.65170,   3.32349,   5.01068,   7.09142,  88.37790,   6.97509, -91.87330, -60.14590,   8.59568,  -0.43902,  29.27250,  -6.04060,-100.63300,  13.47480,   5.34498,  -1.22740,-177.34200,  -0.79823, -16.43310,   0.06056,  -0.06606,  36.10050,  -0.55098,   4.64051, -60.87790,   0.04346,  -0.06853, -17.79680, 171.15800,   6.40559, 160.55600,   0.34684,  -0.21622,  56.95780,  -8.65883,   3.17590, -57.12940,   0.23389,  -0.27238, -19.21410
   5.73333,   0.00000,   0.00000,  -0.00000,  91.59470,  -3.49864,   7.80796,  93.42370,  75.84180, -94.25430,  20.51750,   1.55945,  -1.94931,  17.02950,  -3.22516,   3.30600, -19.67240,  -5.85969,   3.86015, -90.21710,   0.55007, -83.46410, -66.18480,  11.45200,   2.87850,  28.54470,  -3.16032, -95.78710,   3.13384,   5.01979,   6.89609,  88.46860,   6.64482, -91.99100, -59.21670,   8.04390,  -2.16928,  29.33640,  -6.05243,-100.62600,  13.09940,   5.33476,  -0.92628,-177.37200,  -0.12734, -18.10290,   0.06077,  -0.06726,  35.82610,  -1.26184,   4.75762, -59.13230,   0.03783,  -0.05948, -17.63660, 170.07300,   5.68561, 164.87000,   0.34683,  -0.20878,  57.26260,  -7.89201,   4.48509, -58.59430,   0.42039,  -0.50919, -21.43000
   5.76666,   0.00000,   0.00000,  -0.00000,  92.11150,  -3.07145,   7.58647,  95.00900,  75.81630, -95.88390,  20.52400,   2.32186,  -2.17648,  16.81850,  -3.31959,   3.42724, -19.93170,  -6.53660,   3.80080, -90.28270,   0.70308, -83.09920, -66.70480,  12.10120,   4.21766,  28.09500,  -3.19017, -95.95140,   3.02436,   5.02856,   6.70674,  88.52760,   6.43785, -92.08880, -57.96470,   7.44660,  -4.28717,  29.38480,  -5.90971,-100.36200,  12.96230,   5.32808,  -0.72960,-177.31700,   0.20531, -20.54150,   0.06205,  -0.07041,  35.81650,  -2.23721,   4.87892, -57.18170,   0.03226,  -0.05055, -17.47850, 169.54200,   4.67601, 168.63500,   0.30808,  -0.18818,  56.00650,  -6.79931,   4.97142, -61.07490,   0.84228,  -1.12602, -26.92240
   5.79999,   0.00000,   0.00000,  -0.00000,  92.24950,  -2.87714,   7.23920,  96.53090,  75.72880, -97.35460,  20.63570,   3.07752,  -2.21384,  16.88390,  -3.41230,   3.41175, -20.76780,  -7.06903,   3.75880, -90.37780,   0.92807, -82.84820, -67.00360,  12.23660,   5.11092,  28.18010,  -3.30102, -96.13460,   2.94707,   5.03056,   6.66265,  88.57310,   6.30463, -92.22020, -56.71710,   6.69644,  -6.63481,  29.81100,  -5.81387,-100.02600,  12.65410,   5.32624,  -0.67553,-176.62200,   0.25799, -23.36200,   0.06550,  -0.07814,  35.66330,  -3.44601,   5.21290, -54.64310,   0.03191,  -0.05000, -17.46880, 170.19200,   4.23028, 171.55800,   0.21964,  -0.14210,  52.60470,  -4.08381,   4.61290, -66.53720,   1.20782,  -1.78963, -32.48730
   5.83333,   0.00000,   0.00000,  -0.00000,  91.99440,  -2.65758,   6.96096,  97.39570,  75.48410, -98.07730,  21.07580,   3.56626,  -2.03239,  16.85960,  -3.35695,   3.39353, -21.81680,  -7.39431,   3.57040, -90.57990,   1.40944, -82.63380, -66.76580,  11.87110,   5.33592,  28.37670,  -3.40884, -96.28170,   2.40979,   5.02832,   6.71140,  88.58450,   6.33263, -92.37290, -55.64410,   5.75436,  -9.09826,  30.50200,  -5.80124, -99.73630,  12.57830,   5.32223,  -0.56025,-175.34300,   0.92740, -25.72880,   0.06490,  -0.08607,  34.11490,  -5.25918,   4.59772, -51.29520,   0.03945,  -0.06206, -17.68220, 171.48500,   6.23143, 172.63700,   0.13344,  -0.08978,  48.26740,  -2.16004,   4.14078, -75.79660,   0.55561,  -0.69344, -23.10950
   5.86666,   0.00000,   0.00000,  -0.00000,  91.74250,  -2.95348,   6.35306,  97.99210,  75.27760, -98.53890,  21.44830,   3.92482,  -1.84181,  16.26680,  -3.28339,   3.20646, -22.16840,  -7.28108,   3.17477, -90.81600,   1.96125, -82.40550, -66.78610,  11.21070,   5.08535,  29.03570,  -3.38197, -96.06600,   2.18668,   5.03084,   6.65660,  88.63190,   6.18860, -92.50830, -54.78920,   4.93286, -11.41120,  30.29300,  -5.60436, -99.49050,  12.78400,   5.32180,  -0.54790,-173.69800,   2.19822, -27.52350,   0.06157,  -0.09707,  30.93470,  -8.09130,   2.34742, -48.33480,   0.08212,  -0.13237, -18.91820, 173.30600,   6.81070, 169.83700,   0.11169,  -0.07449,  47.81030,  -0.53915,   2.31228, -79.39010,   0.18464,  -0.21289, -18.64630
   5.89999,   0.00000,   0.00000,  -0.00000,  91.68480,  -3.60607,   5.87507,  97.50240,  74.98010, -98.00660,  22.06780,   3.75434,  -1.74537,  15.81850,  -2.80760,   2.94276, -23.22830,  -6.64575,   2.42261, -91.02730,   2.42758, -82.05640, -67.42760,  10.14290,   4.71556,  30.04760,  -3.33584, -95.74430,   2.11385,   5.03036,   6.66707,  88.70710,   5.95647, -92.73020, -54.07240,   4.39815, -13.63880,  30.49550,  -5.45983, -99.17760,  12.78180,   5.31899,  -0.46685,-172.57700,   2.85045, -28.47390,   0.05434,  -0.10022,  27.49070,  -8.16249,   0.16612, -48.53700,   0.10296,  -0.16796, -19.53780, 174.56300,   5.97354, 164.82300,   0.13400,  -0.08955,  50.27640,   0.15364,   1.66303, -78.21150,   0.13845,  -0.15815, -18.11970
   5.93333,   0.00000,   0.00000,  -0.00000,  91.80750,  -3.32740,   6.25952,  95.39290,  74.49170, -95.91970,  23.14590,   2.75912,  -1.62437,  15.68600,  -2.51960,   3.08769, -24.05510,  -5.62762,   1.82918, -90.93800,   2.26817, -82.52670, -68.75140,   8.61027,   4.32753,  30.63420,  -3.24918, -95.46700,   1.56969,   5.02030,   6.88567,  88.69830,   6.01901, -92.77300, -53.54130,   4.14837, -14.91120,  30.70150,  -5.27917, -98.80810,  12.84580,   5.32222,  -0.56024,-172.42200,   3.02969, -28.19090,   0.04034,  -0.08316,  24.56170,  -6.66503,  -1.29158, -50.17920,   0.09612,  -0.15618, -19.33320, 175.04800,   7.46244, 161.81900,   0.15771,  -0.10664,  51.46020,   1.31433,   2.37482, -76.30760,   0.12885,  -0.14690, -18.01090
   5.96666,   0.00000,   0.00000,  -0.00000,  91.67270,  -2.68424,   7.08371,  93.72890,  74.06110, -94.20110,  24.06280,   1.94088,  -1.36363,  15.73670,  -2.59208,   3.07000, -23.77060,  -5.12352,   2.17610, -90.78510,   1.96392, -83.20670, -69.23810,   8.66751,   3.02510,  31.86980,  -3.18380, -95.10480,   0.66650,   4.98251,   7.69155,  88.60260,   6.36386, -92.58820, -53.55930,   3.99670, -14.04070,  30.62690,  -5.14348, -98.61090,  13.14860,   5.32433,  -0.62030,-172.50600,   1.84543, -27.70790,   0.04215,  -0.08916,  24.37810,  -8.45244,  -2.65668, -50.99440,   0.09250,  -0.14997, -19.22520, 175.69700,   8.89679, 160.63400,   0.16561,  -0.11717,  50.90300,   1.95474,   2.87283, -74.25000,   0.11178,  -0.12701, -17.81820
   5.99999,   0.00000,   0.00000,  -0.00000,  91.72410,  -2.85728,   7.50843,  92.99910,  73.93430, -93.57920,  24.33610,   1.54348,  -1.50007,  15.81710,  -2.56691,   2.95724, -22.88080,  -4.66945,   2.52827, -90.77420,   1.97724, -83.61170, -68.40600,   9.75943,   1.14753,  32.42970,  -3.25137, -95.10130,  -0.43781,   4.95089,   8.34697,  88.51790,   6.65707, -92.41820, -54.26170,   4.14931, -11.71440,  30.69470,  -4.93361, -98.24350,  13.65470,   5.32572,  -0.66087,-172.86700,   0.12501, -28.52750,   0.06916,  -0.11891,  29.78270,  -7.93990,  -1.55372, -52.00940,   0.08607,  -0.13900, -19.03410, 176.25200,   8.48134, 159.72200,   0.15498,  -0.11801,  49.20380,   2.09595,   2.49768, -71.63370,   0.10125,  -0.11480, -17.69960
   6.03333,   0.00000,   0.00000,  -0.00000,  91.62610,  -3.12071,   8.10856,  92.32930,  73.86180, -92.97660,  24.49470,   1.17511,  -1.55751,  15.89500,  -2.53661,   2.77502, -22.05760,  -4.08058,   2.67732, -90.78000,   2.02134, -83.89570, -67.16480,  10.94260,  -0.86498,  31.19470,  -3.20386, -95.27370,   0.04942,   4.96877,   7.97819,  88.42420,   6.93881, -92.17200, -55.24530,   4.51452,  -8.57229,  30.95550,  -4.79050, -97.92670,  13.50840,   5.33209,  -0.84632,-172.78100,  -0.29688, -28.69980,   0.10804,  -0.14129,  37.03590,  -7.27456,  -0.46102, -53.55680,   0.09101,  -0.14742, -19.18080, 176.66500,   7.97288, 159.88500,   0.14009,  -0.11770,  46.46040,   1.74379,   2.40583, -68.86350,   0.10835,  -0.12303, -17.77950
   6.06666,   0.00000,   0.00000,  -0.00000,  91.31010,  -3.38463,   8.53183,  91.68080,  73.92910, -92.30000,  24.36870,   0.82313,  -1.42368,  15.85280,  -2.54816,   2.44241, -21.18690,  -3.52212,   2.80395, -90.71810,   1.88692, -84.16220, -66.04770,  11.86430,  -2.98996,  30.37770,  -3.28729, -95.58730,   0.95592,   4.98466,   7.64502,  88.32120,   7.23744, -91.90310, -56.07280,   5.13794,  -4.94372,  30.74030,  -4.64470, -97.75410,  13.56440,   5.33789,  -1.01706,-172.50000,  -0.18736, -28.05830,   0.15076,  -0.15426,  43.96180,  -6.83733,  -0.86195, -55.37180,   0.09291,  -0.15067, -19.23740, 177.09800,   7.85864, 160.46000,   0.12372,  -0.11749,  42.98450,   0.78214,   2.78547, -66.10800,   0.08152,  -0.09208, -17.47830
   6.09999,   0.00000,   0.00000,  -0.00000,  90.95050,  -3.95844,   8.75335,  91.12620,  74.12250, -91.70530,  23.98660,   0.52313,  -1.27595,  15.94930,  -2.45625,   2.13635, -20.71080,  -2.84670,   2.72383, -90.61460,   1.62505, -84.28040, -65.09210,  12.33460,  -5.15275,  29.80290,  -3.47693, -96.04420,   1.52427,   4.99251,   7.47817,  88.21880,   7.44613, -91.50600, -56.68240,   6.10951,  -1.49120,  30.62710,  -4.56419, -97.65560,  13.47120,   5.34454,  -1.21374,-172.27500,  -0.52024, -26.70250,   0.19409,  -0.15831,  50.20640,  -6.15009,  -1.78001, -57.26170,   0.09733,  -0.15822, -19.36890, 177.50800,   7.89804, 160.97200,   0.14619,  -0.16061,  39.46070,  -0.46910,   3.55313, -63.63660,   0.08757,  -0.09904, -17.54620
   6.13333,   0.00000,   0.00000,  -0.00000,  90.56430,  -4.75473,   9.00594,  90.49060,  74.33680, -91.04890,  23.56050,   0.18366,  -1.16100,  15.82390,  -2.19620,   1.92002, -19.93440,  -1.95736,   2.48398, -90.50210,   1.33533, -84.39200, -64.03500,  12.25380,  -7.11349,  28.40150,  -3.61620, -96.65330,   2.55378,   5.01103,   7.08682,  88.14120,   7.55188, -91.12910, -57.19270,   7.38915,   1.54302,  30.31250,  -4.50336, -97.64930,  13.47130,   5.34218,  -1.14369,-171.95600,  -0.97013, -24.45620,   0.23609,  -0.15722,  55.45760,  -5.77647,  -1.82831, -58.98310,   0.09056,  -0.14666, -19.16750, 178.11800,   8.23683, 161.13700,   0.22282,  -0.27685,  36.82080,  -0.37618,   4.49119, -62.20960,   0.09818,  -0.11126, -17.66510
   6.16666,   0.00000,   0.00000,  -0.00000,  89.99750,  -5.70433,   9.23602,  89.67730,  74.54890, -90.18160,  23.13500,  -0.23609,  -0.96549,  15.74040,  -1.77440,   1.79674, -19.45280,  -0.74985,   2.10423, -90.40200,   1.06904, -84.39100, -62.79980,  11.74350,  -8.84919,  27.09760,  -3.80882, -97.39720,   3.77995,   5.03719,   6.51871,  88.06590,   7.61335, -90.70070, -57.47770,   8.90331,   3.80712,  29.50350,  -4.33247, -97.60450,  13.32260,   5.34437,  -1.20876,-171.23600,  -1.09967, -21.37480,   0.27785,  -0.15658,  59.36540,  -6.26417,   0.55452, -60.67670,   0.09645,  -0.15674, -19.34300, 178.93600,   8.38388, 160.93100,   0.22421,  -0.29651,  34.84660,  -0.42441,   5.24486, -61.09290,   0.10542,  -0.11963, -17.74650
