time,joint_Root.x,joint_Root.y,joint_Root.z,Hips.x,Hips.y,Hips.z,Spine.x,Spine.y,Spine.z,Chest.x,Chest.y,Chest.z,Neck.x,Neck.y,Neck.z,Head.x,Head.y,Head.z,Shoulder_L.x,Shoulder_L.y,Shoulder_L.z,UpperArm_L.x,UpperArm_L.y,UpperArm_L.z,LowerArm_L.x,LowerArm_L.y,LowerArm_L.z,Hand_L.x,Hand_L.y,Hand_L.z,Shoulder_R.x,Shoulder_R.y,Shoulder_R.z,UpperArm_R.x,UpperArm_R.y,UpperArm_R.z,LowerArm_R.x,LowerArm_R.y,LowerArm_R.z,Hand_R.x,Hand_R.y,Hand_R.z,UpperLeg_L.x,UpperLeg_L.y,UpperLeg_L.z,LowerLeg_L.x,LowerLeg_L.y,LowerLeg_L.z,Foot_L.x,Foot_L.y,Foot_L.z,Toes_L.x,Toes_L.y,Toes_L.z,UpperLeg_R.x,UpperLeg_R.y,UpperLeg_R.z,LowerLeg_R.x,LowerLeg_R.y,LowerLeg_R.z,Foot_R.x,Foot_R.y,Foot_R.z,Toes_R.x,Toes_R.y,Toes_R.z
   0.00000,   0.00000,   0.00000,   0.00000,   0.84703,  93.98400,-452.22500,   1.23562, 109.66571,-453.46808,   1.44294, 118.64796,-453.87229,   1.76660, 135.01762,-453.49095,   1.83739, 141.46996,-453.26400,   6.68119, 131.53307,-453.37542,  11.96965, 130.88955,-452.90617,  21.27041, 108.47455,-451.19021,  26.47554,  90.49182,-439.08883,  -3.23898, 131.74983,-454.24745,  -8.54301, 131.14276,-454.56546, -16.25050, 108.09995,-455.79789, -22.17462,  88.62688,-446.70859,   7.23526,  91.68539,-451.47167,   8.59129,  52.95921,-446.39462,  10.24020,  12.20021,-450.36809,  10.10651,   4.70936,-441.31089,  -5.64949,  91.91267,-452.63192,  -9.31746,  53.15965,-449.15581,  -9.44746,  12.73552,-455.91420, -11.77722,   5.92761,-446.61967
   0.03333,   0.00000,   0.00000,   0.00000,   0.84703,  93.98400,-452.22500,   1.22332, 109.64474,-453.71229,   1.42966, 118.62022,-454.24643,   1.77373, 134.99290,-454.06563,   1.91238, 141.44614,-453.90505,   6.68476, 131.50413,-453.92844,  11.97903, 130.89763,-453.47578,  21.79707, 108.76059,-451.14375,  27.45877,  91.53792,-438.17300,  -3.23875, 131.72217,-454.76121,  -8.54339, 131.10858,-455.05579, -16.58226, 108.16246,-455.92041, -22.84929,  88.89778,-446.61946,   7.23926,  91.69995,-451.46143,   8.67855,  52.94785,-446.61010,  10.42787,  12.24229,-451.05994,  10.29089,   4.75143,-442.00279,  -5.65007,  91.90395,-452.57411,  -8.61133,  53.13213,-448.66119,  -8.56970,  12.49151,-453.96601, -10.74598,   5.71548,-444.61118
   0.06667,   0.00000,   0.00000,   0.00000,   0.84703,  93.98400,-452.22500,   1.11133, 109.61934,-453.97961,   1.27733, 118.58682,-454.64575,   1.63542, 134.96020,-454.62829,   1.83965, 141.41307,-454.53889,   6.54442, 131.46878,-454.48593,  11.84086, 130.85423,-454.07111,  22.46614, 109.16370,-451.15474,  28.61529,  92.48590,-437.70281,  -3.38370, 131.68703,-455.26182,  -8.68851, 131.05565,-455.51258, -17.25137, 108.28886,-456.00878, -23.89753,  89.14266,-446.72641,   7.25792,  91.75568,-451.45323,   8.79478,  53.00656,-446.60802,  10.57009,  12.38751,-451.77947,  10.43176,   4.89665,-442.72235,  -5.63752,  91.85529,-452.50782,  -8.44048,  53.09223,-448.39662,  -8.50132,  12.38756,-453.18512, -10.39799,   4.89676,-444.32769
   0.10000,   0.00000,   0.00000,   0.00000,   0.84703,  93.98400,-452.22500,   0.86777, 109.59829,-454.17585,   0.94538, 118.55738,-454.96056,   1.33014, 134.92866,-455.18225,   1.57369, 141.38078,-455.19043,   6.23445, 131.43114,-455.02850,  11.52627, 130.77222,-454.62282,  23.26094, 109.72446,-451.28066,  29.98454,  93.33984,-437.74357,  -3.69917, 131.65542,-455.72861,  -9.00607, 131.01446,-455.89733, -18.28466, 108.52465,-456.00350, -25.41407,  89.43859,-446.95889,   7.29468,  91.86125,-451.46188,   8.92671,  53.10466,-446.70838,  10.62218,  12.57033,-452.53044,  10.50773,   5.07947,-443.47299,  -5.60640,  91.75559,-452.44448,  -8.69812,  53.08227,-447.73819,  -8.44630,  12.57014,-453.94361, -10.37338,   5.07931,-445.09277
   0.13333,   0.00000,   0.00000,   0.00000,   0.84703,  93.98400,-452.22500,   0.79772, 109.60352,-454.13297,   0.84690, 118.55902,-454.95989,   1.22054, 134.92305,-455.50275,   1.47430, 141.37347,-455.63321,   6.12779, 131.43150,-455.31169,  11.41024, 130.71774,-454.87776,  24.27762, 110.39463,-451.23323,  31.79486,  94.03189,-438.09295,  -3.81015, 131.63742,-455.95370,  -9.11528, 130.96600,-456.03889, -19.27015, 108.86173,-455.62037, -27.11463,  89.86540,-446.98818,   7.30808,  91.88156,-451.52135,   9.04802,  53.08986,-447.10443,  10.77688,  12.59445,-453.18192,  10.75453,   5.10360,-444.12377,  -5.60029,  91.73382,-452.39697,  -8.84913,  53.04217,-447.95459,  -8.30441,  12.59416,-454.54738, -10.24896,   5.10335,-445.70034
   0.16667,   0.00000,   0.00000,   0.00000,   0.84703,  93.98400,-452.22500,   0.79810, 109.62307,-453.96553,   0.82505, 118.57858,-454.79328,   1.07491, 134.92936,-455.69086,   1.30203, 141.37602,-455.97042,   6.00852, 131.47963,-455.43133,  11.29170, 130.80929,-454.94065,  24.87626, 111.00663,-451.04256,  33.45109,  94.56426,-438.67179,  -3.93150, 131.59713,-456.06330,  -9.23395, 130.89968,-456.05396, -20.29484, 109.24635,-455.22610, -29.08330,  90.57912,-446.78758,   7.30940,  91.87174,-451.56410,   9.06557,  53.01973,-447.72106,  10.94063,  12.57950,-454.11446,  11.27785,   5.28655,-444.90236,  -5.60171,  91.73819,-452.40087,  -8.72007,  52.96497,-448.62635,  -8.18981,  12.50562,-455.15037, -10.13628,   5.01483,-446.30374
   0.20000,   0.00000,   0.00000,   0.00000,   0.84703,  93.98400,-452.22500,   0.81158, 109.63893,-453.81687,   0.81192, 118.59515,-454.63743,   0.88838, 134.93051,-455.80623,   1.06664, 141.36838,-456.26595,   5.85836, 131.53775,-455.49483,  11.14863, 130.99620,-454.92752,  24.98531, 111.44119,-450.68149,  34.68079,  95.03023,-439.12322,  -4.08291, 131.53999,-456.11801,  -9.38545, 130.85463,-455.99213, -21.23446, 109.63379,-454.90948, -30.89659,  91.56901,-446.12210,   7.30672,  91.86129,-451.57148,   9.15039,  52.95950,-448.31818,  11.05001,  12.53816,-454.82281,  11.64813,   5.31900,-445.56595,  -5.60279,  91.74423,-452.43492,  -8.58327,  52.90586,-449.26756,  -8.07954,  12.43821,-455.74197, -10.04725,   4.94740,-446.90006
   0.23333,   0.00000,   0.00000,   0.00000,   0.84703,  93.98400,-452.22500,   0.87033, 109.63910,-453.81550,   0.86844, 118.59208,-454.67056,   0.81043, 134.91271,-456.03059,   0.92265, 141.33656,-456.67155,   5.80811, 131.56519,-455.67590,  11.09551, 131.11785,-455.00855,  24.98978, 111.72009,-450.25913,  35.08203,  95.34961,-438.98663,  -4.13232, 131.47763,-456.30620,  -9.43513, 130.82678,-456.06306, -21.85694, 109.97172,-454.43207, -31.83113,  92.50588,-444.82108,   7.29649,  91.84023,-451.53995,   9.22071,  52.92601,-448.48817,  11.15548,  12.54302,-455.21676,  11.75888,   5.17696,-446.07670,  -5.60893,  91.76524,-452.46684,  -8.59737,  52.90812,-449.54662,  -7.99608,  12.49572,-456.34951, -10.03257,   5.00487,-447.52323
   0.26667,   0.00000,   0.00000,   0.00000,   0.84703,  93.98400,-452.22500,   0.91912, 109.61864,-454.00403,   0.91791, 118.56151,-454.95918,   0.76230, 134.86796,-456.47288,   0.80743, 141.27731,-457.25231,   5.77954, 131.55582,-456.06589,  11.05678, 131.16625,-455.29067,  24.63413, 111.77472,-449.67774,  34.13196,  95.20020,-438.18895,  -4.15739, 131.39902,-456.73676,  -9.45580, 130.75514,-456.39801, -22.10637, 110.13866,-453.78669, -31.64112,  93.31415,-442.69906,   7.28678,  91.83310,-451.47409,   9.29169,  52.91599,-448.51251,  11.27121,  12.60394,-455.64158,  11.85690,   5.11309,-446.60236,  -5.61281,  91.77807,-452.48016,  -8.57520,  52.91482,-449.61555,  -7.92091,  12.60401,-456.99212, -10.00490,   5.11320,-448.17689
   0.30000,   0.00000,   0.00000,   0.00000,   0.84703,  93.98400,-452.22500,   0.92592, 109.59854,-454.17235,   0.91598, 118.53117,-455.21884,   0.69828, 134.82244,-456.88111,   0.70944, 141.22041,-457.75007,   5.72704, 131.53761,-456.40148,  10.99014, 131.19709,-455.51502,  23.73802, 111.56505,-448.88510,  31.62875,  94.66681,-436.67441,  -4.20296, 131.32828,-457.15553,  -9.49683, 130.67156,-456.77328, -21.80202, 110.08766,-452.67686, -30.04246,  94.02293,-439.60282,   7.28236,  91.84383,-451.40841,   9.36466,  52.91530,-448.65777,  11.34572,  12.67375,-456.17417,  11.90389,   5.18290,-447.13320,  -5.61029,  91.77294,-452.49893,  -8.53362,  52.89930,-449.73703,  -7.87267,  12.67379,-457.56481,  -9.93223,   5.18290,-448.74390
   0.33333,   0.00000,   0.00000,   0.00000,   0.84703,  93.98400,-452.22500,   0.86382, 109.59424,-454.20799,   0.81791, 118.52189,-455.29531,   0.53217, 134.79615,-457.10711,   0.52045, 141.18621,-458.03245,   5.57286, 131.54249,-456.54703,  10.81888, 131.21859,-455.55889,  22.22307, 111.16124,-447.84344,  27.50420,  93.94327,-434.70699,  -4.34775, 131.27372,-457.39935,  -9.63840, 130.58628,-457.02668, -20.99822, 109.87929,-451.18966, -26.88447,  94.70949,-435.95352,   7.28867,  91.87443,-451.37910,   9.50761,  52.91998,-449.15199,  11.41419,  12.65231,-456.54675,  11.96256,   5.16146,-447.50518,  -5.59930,  91.74354,-452.51831,  -8.55146,  52.85614,-449.99076,  -7.90352,  12.65233,-457.93032,  -9.90806,   5.16149,-449.09671
   0.36667,   0.00000,   0.00000,   0.00000,   0.84703,  93.98400,-452.22500,   0.72516, 109.59277,-454.21588,   0.61691, 118.51700,-455.32655,   0.27902, 134.77744,-457.25009,   0.25482, 141.15938,-458.22959,   5.32880, 131.54744,-456.63742,  10.55955, 131.24017,-455.56647,  20.12709, 110.66998,-446.77954,  21.83316,  93.08366,-433.18814,  -4.58531, 131.23399,-457.54812,  -9.87433, 130.54668,-457.15271, -19.63303, 109.48083,-449.87993, -22.14769,  95.38826,-432.79231,   7.30682,  91.93262,-451.37438,   9.60289,  52.95306,-449.74523,  11.59846,  12.61263,-456.70731,  12.07036,   4.99174,-447.77071,  -5.57881,  91.68576,-452.52083,  -8.44741,  52.75605,-450.62798,  -7.95624,  12.48311,-458.22086,  -9.95766,   4.99231,-449.38651
   0.40000,   0.00000,   0.00000,   0.00000,   0.84703,  93.98400,-452.22500,   0.60298, 109.59370,-454.19732,   0.43353, 118.51771,-455.30207,   0.01563, 134.77554,-457.23189,  -0.02420, 141.14890,-458.26529,   5.08087, 131.57159,-456.61010,  10.29776, 131.29342,-455.46612,  17.64986, 110.20181,-445.82395,  15.20929,  92.39089,-432.64327,  -4.83006, 131.20719,-457.53636, -10.11588, 130.53293,-457.08035, -17.81152, 108.98702,-448.80712, -16.25983,  96.04997,-430.72022,   7.32180,  91.98341,-451.36737,   9.68307,  53.00332,-449.84789,  11.83737,  12.64190,-456.63892,  12.17082,   4.73217,-447.95050,  -5.55974,  91.63471,-452.53302,  -8.21681,  52.65309,-451.69190,  -8.05369,  12.23698,-458.49740, -10.04762,   4.72392,-449.68027
   0.43333,   0.00000,   0.00000,   0.00000,   0.84703,  93.98400,-452.22500,   0.54547, 109.61237,-454.03476,   0.33444, 118.54313,-455.07601,  -0.19062, 134.79888,-456.99720,  -0.26450, 141.16161,-458.09235,   4.89527, 131.62889,-456.36987,  10.09209, 131.40745,-455.12646,  15.08955, 109.78312,-445.16179,   8.51505,  92.09148,-433.30020,  -5.01161, 131.19801,-457.31073, -10.29421, 130.55673,-456.77647, -15.83228, 108.66652,-447.71865,  -9.67584,  96.51001,-430.07698,   7.32717,  92.00079,-451.36754,   9.83800,  53.02914,-449.87138,  12.18878,  12.66149,-456.55939,  12.30817,   4.55227,-448.05117,  -5.54909,  91.61213,-452.57814,  -8.12872,  52.61958,-452.06724,  -8.17522,  12.14671,-458.52847, -10.12148,   4.50028,-449.81597
   0.46667,   0.00000,   0.00000,   0.00000,   0.84703,  93.98400,-452.22500,   0.54065, 109.64122,-453.76439,   0.31036, 118.58398,-454.69237,  -0.30989, 134.84294,-456.55721,  -0.43237, 141.18526,-457.76101,   4.79290, 131.70390,-455.91183,   9.94951, 131.55671,-454.50123,  12.82908, 109.38141,-444.91765,   2.68635,  92.14897,-435.06455,  -5.10532, 131.21189,-456.91198, -10.38312, 130.63821,-456.26531, -13.79417, 108.59332,-446.55535,  -3.16250,  96.59032,-431.06967,   7.32262,  91.99318,-451.35096,   9.71686,  53.00848,-450.01182,  12.13269,  12.63145,-456.61960,  12.28855,   4.57920,-448.05803,  -5.54319,  91.61170,-452.67006,  -7.98380,  52.60962,-452.20675,  -8.12911,  12.12128,-458.56890, -10.09602,   4.52609,-449.81631
   0.50000,   0.00000,   0.00000,   0.00000,   0.84703,  93.98400,-452.22500,   0.76033, 109.65932,-453.59949,   0.60330, 118.61294,-454.43322,  -0.07375, 134.88843,-456.12618,  -0.21602, 141.19297,-457.51245,   5.03856, 131.76298,-455.49024,  10.14524, 131.75140,-453.90158,  11.52514, 109.04073,-445.28750,  -0.86972,  92.23045,-437.49667,  -4.85275, 131.24232,-456.54282, -10.10737, 130.75803,-455.67279, -11.29356, 108.31606,-446.35366,   2.55271,  95.99221,-433.97164,   7.28993,  91.89680,-451.33439,   9.48373,  52.89044,-450.32294,  11.91140,  12.53794,-457.07464,  12.25610,   4.87877,-448.16499,  -5.57172,  91.70303,-452.73258,  -8.09464,  52.72278,-451.50444,  -7.96231,  12.35898,-458.61424,  -9.95404,   4.86814,-449.77772
   0.53333,   0.00000,   0.00000,   0.00000,   0.84703,  93.98400,-452.22500,   0.93870, 109.60511,-454.11833,   0.84309, 118.54491,-455.09708,   0.12991, 134.84630,-456.50137,  -0.01254, 141.11198,-458.05387,   5.25070, 131.71928,-455.94656,  10.31141, 131.73194,-454.21707,  11.14454, 108.40012,-447.37507,  -1.62667,  91.06103,-441.61596,  -4.64505, 131.19958,-456.95717,  -9.86505, 130.66576,-455.92319,  -9.69603, 107.68749,-447.93157,   4.67237,  94.56264,-437.05966,   7.26846,  91.85128,-451.28832,   9.44716,  52.87285,-449.48074,  12.07106,  12.77444,-457.54521,  12.37539,   5.28358,-448.49215,  -5.59995,  91.76366,-452.63408,  -8.36064,  52.84977,-450.30556,  -7.70931,  12.77444,-458.86981,  -9.71544,   5.28364,-450.03652
   0.56667,   0.00000,   0.00000,   0.00000,   0.84703,  93.98400,-452.22500,   0.86244, 109.57916,-454.32333,   0.70891, 118.51675,-455.31478,  -0.17289, 134.83633,-456.36820,  -0.33681, 141.08481,-457.98651,   4.98267, 131.74808,-455.93070,  10.02314, 131.54116,-454.15503,  11.51293, 107.74943,-449.29552,  -1.34310,  90.32976,-443.98579,  -4.91752, 131.15392,-456.85284, -10.11125, 130.40101,-455.82290, -10.03551, 106.95040,-449.34536,   3.55874,  92.56377,-439.09196,   7.29999,  91.86221,-451.50539,   9.57410,  52.91352,-449.23370,  12.13570,  12.85173,-457.49773,  12.45925,   5.36088,-448.44533,  -5.61024,  91.75997,-452.35988,  -8.48571,  52.85794,-449.97289,  -7.62874,  12.85170,-458.83685,  -9.63412,   5.36087,-450.00342
   0.60000,   0.00000,   0.00000,   0.00000,   0.84703,  93.98400,-452.22500,   0.75630, 109.62002,-453.99108,   0.57243, 118.57535,-454.80063,  -0.25646, 134.91432,-455.55355,  -0.42146, 141.17062,-457.14124,   4.89181, 131.79888,-455.24052,   9.99255, 131.52061,-453.65716,  12.26433, 107.70305,-449.24765,  -0.85589,  90.59687,-443.57719,  -5.02226, 131.25945,-456.03888, -10.19864, 130.42524,-454.98452, -10.67614, 106.54816,-450.34206,   2.33966,  92.01629,-439.55667,   7.32231,  91.87545,-451.69084,   9.76404,  52.92840,-449.57005,  12.18577,  12.74141,-457.24759,  12.51514,   5.25055,-448.19540,  -5.60298,  91.73534,-452.26701,  -8.44021,  52.81993,-450.05917,  -7.57978,  12.74141,-458.59001,  -9.59374,   5.25055,-449.75856
   0.63333,   0.00000,   0.00000,   0.00000,   0.84703,  93.98400,-452.22500,   0.69210, 109.66874,-453.48081,   0.48983, 118.64086,-454.07017,  -0.30062, 134.98762,-454.68225,  -0.46053, 141.24747,-456.25638,   4.84266, 131.85395,-454.49406,   9.96295, 131.62871,-452.96636,  12.39065, 107.78209,-448.80391,  -0.94368,  90.77312,-443.34444,  -5.08686, 131.35135,-455.10175, -10.26179, 130.65239,-453.94673, -11.21048, 106.73428,-449.59710,   2.39122,  92.26021,-439.47753,   7.33525,  91.87641,-451.87621,   9.82081,  52.90524,-450.32627,  12.19890,  12.55295,-457.09684,  12.53714,   5.06209,-448.04499,  -5.59802,  91.72080,-452.22384,  -8.22779,  52.76429,-450.54794,  -7.57778,  12.55307,-458.44976,  -9.58886,   5.06215,-449.61771
   0.66667,   0.00000,   0.00000,   0.00000,   0.84703,  93.98400,-452.22500,   0.67612, 109.69660,-453.06003,   0.47586, 118.67946,-453.45414,  -0.26735, 135.03447,-453.87507,  -0.41564, 141.28986,-455.46796,   4.86734, 131.88233,-453.78797,   9.98780, 131.69197,-452.25608,  12.46153, 107.80084,-448.38631,  -1.01323,  90.82676,-443.16837,  -5.07081, 131.41854,-454.27296, -10.22495, 130.81407,-452.97993, -11.25038, 106.95704,-448.32314,   3.18612,  92.82360,-438.90274,   7.33908,  91.87035,-452.00983,   9.80285,  52.88011,-450.99818,  12.27078,  12.39212,-456.86635,  12.60815,   4.90126,-447.81446,  -5.59740,  91.71910,-452.20748,  -7.93771,  52.72782,-450.96766,  -7.51492,  12.39210,-458.22395,  -9.52766,   4.90124,-449.39222
   0.70000,   0.00000,   0.00000,   0.00000,   0.84703,  93.98400,-452.22500,   0.68674, 109.70433,-452.90163,   0.50847, 118.69159,-453.19217,  -0.13580, 135.05520,-453.37457,  -0.27278, 141.32537,-454.90931,   4.97919, 131.87024,-453.41243,  10.11913, 131.63394,-451.95393,  12.69847, 107.72432,-448.27183,  -0.92061,  90.83478,-443.15523,  -4.96815, 131.47516,-453.74648, -10.10176, 130.90363,-452.36018, -11.11150, 107.08800,-447.49276,   3.90238,  93.23494,-438.57161,   7.33813,  91.86234,-452.06745,   9.85250,  52.87385,-451.11467,  12.35874,  12.35315,-456.73558,  12.69791,   4.86230,-447.68375,  -5.59941,  91.72495,-452.19400,  -7.84481,  52.72557,-451.03635,  -7.43108,  12.35306,-458.08566,  -9.43759,   4.86222,-449.25250
   0.73333,   0.00000,   0.00000,   0.00000,   0.84703,  93.98400,-452.22500,   0.71277, 109.70932,-452.78044,   0.56110, 118.69963,-452.97664,   0.00946, 135.06743,-452.89384,  -0.12326, 141.35477,-454.35704,   5.10449, 131.85494,-453.06471,  10.26857, 131.54834,-451.70814,  12.89393, 107.59970,-448.32418,  -0.73561,  90.75846,-443.07787,  -4.84910, 131.52068,-453.24253,  -9.96395, 130.94491,-451.79021, -10.94770, 107.07632,-447.18387,   4.32794,  93.30566,-438.58535,   7.33483,  91.84948,-452.11139,   9.89927,  52.86769,-451.02688,  12.45610,  12.34951,-456.64315,  12.78945,   4.85864,-447.59111,  -5.60336,  91.73642,-452.18383,  -7.84057,  52.73654,-451.02720,  -7.32617,  12.34942,-457.98557,  -9.32419,   4.85858,-449.15048
   0.76667,   0.00000,   0.00000,   0.00000,   0.84703,  93.98400,-452.22500,   0.75573, 109.71659,-452.52417,   0.63724, 118.70945,-452.56378,   0.17851, 135.07530,-452.15825,   0.06492, 141.38655,-453.51636,   5.25311, 131.83932,-452.45061,  10.43661, 131.49132,-451.18088,  13.07320, 107.46941,-448.37429,  -0.59263,  90.64615,-443.16485,  -4.70359, 131.56222,-452.51870,  -9.80670, 130.96468,-451.03422, -10.83562, 106.96680,-447.16920,   4.55546,  93.09500,-438.94735,   7.32908,  91.82949,-452.18374,   9.94267,  52.84844,-451.19401,  12.56558,  12.28698,-456.45624,  12.88678,   4.79612,-447.40375,  -5.60958,  91.75439,-452.18289,  -7.68618,  52.74000,-451.23451,  -7.19567,  12.28704,-457.80110,  -9.19168,   4.79615,-448.96559
   0.80000,   0.00000,   0.00000,   0.00000,   0.84703,  93.98400,-452.22500,   0.79136, 109.71943,-452.15136,   0.70399, 118.71098,-451.97376,   0.34013, 135.06391,-451.15822,   0.26189, 141.40881,-452.35213,   5.39399, 131.80891,-451.57298,  10.58991, 131.41689,-450.36852,  13.17897, 107.30940,-448.36690,  -0.62191,  90.47945,-443.54982,  -4.56432, 131.58724,-451.56521,  -9.66607, 130.96606,-450.08577, -10.83475, 106.83804,-447.19299,   4.42622,  92.56294,-439.43185,   7.32372,  91.81480,-452.31226,   9.98111,  52.82731,-451.81600,  12.69116,  12.15461,-456.08097,  12.99743,   4.66375,-447.02798,  -5.61416,  91.76828,-452.15826,  -7.36182,  52.72965,-451.64354,  -7.04765,  12.15454,-457.41975,  -9.03834,   4.66373,-448.58298
   0.83333,   0.00000,   0.00000,   0.00000,   0.84703,  93.98400,-452.22500,   0.82835, 109.70955,-451.66032,   0.77386, 118.69081,-451.19000,   0.51080, 135.00675,-449.79823,   0.46722, 141.39289,-450.74931,   5.54357, 131.73882,-450.34640,  10.74397, 131.28687,-449.18293,  13.18345, 107.10174,-448.17821,  -0.75831,  90.21487,-444.00972,  -4.41580, 131.57534,-450.30872,  -9.52135, 130.93267,-448.85172, -10.96509, 106.70570,-447.15919,   4.10514,  91.98924,-439.86363,   7.31764,  91.80548,-452.43903,  10.00936,  52.82252,-453.08407,  12.80563,  12.00006,-455.43158,  13.09683,   4.55903,-446.33709,  -5.61838,  91.78036,-452.16833,  -6.92572,  52.72118,-452.23791,  -6.91189,  11.97894,-456.69581,  -8.88952,   4.48810,-447.85613
   0.86667,   0.00000,   0.00000,   0.00000,   0.84703,  93.98400,-452.22500,   0.86987, 109.67871,-451.09017,   0.84854, 118.63306,-450.24972,   0.67808, 134.85753,-448.02414,   0.67158, 141.29428,-448.53161,   5.69201, 131.59403,-448.74424,  10.89637, 131.06248,-447.63330,  13.25452, 106.84910,-447.81213,  -0.90122,  89.96945,-444.40507,  -4.26808, 131.48422,-448.70441,  -9.38505, 130.80382,-447.30576, -11.14872, 106.54001,-447.07723,   3.86196,  91.52550,-440.28348,   7.31146,  91.79891,-452.53655,  10.05391,  52.82404,-453.41440,  12.92929,  11.95135,-454.39328,  13.18359,   4.50717,-445.30025,  -5.62378,  91.79552,-452.22969,  -6.47388,  52.73096,-452.98584,  -6.82570,  11.83079,-455.60406,  -8.79511,   4.30281,-446.79415
   0.90000,   0.00000,   0.00000,   0.00000,   0.84703,  93.98400,-452.22500,   0.92593, 109.60159,-450.30228,   0.93556, 118.49272,-448.94772,   0.81572, 134.51491,-445.55785,   0.82901, 140.96938,-445.38796,   5.81972, 131.29516,-446.50741,  11.03176, 130.67359,-445.48252,  13.42078, 106.52278,-447.18904,  -0.90633,  89.62701,-444.70268,  -4.14071, 131.21593,-446.48365,  -9.27543, 130.46471,-445.19027, -11.28236, 106.26946,-446.75801,   3.76888,  91.00875,-440.63580,   7.30391,  91.79273,-452.63444,  10.07066,  52.80972,-452.68670,  12.97176,  11.92745,-452.85093,  13.21058,   4.49305,-443.74949,  -5.63184,  91.82320,-452.35136,  -6.26032,  52.75463,-453.11691,  -6.89751,  11.78289,-453.96174,  -8.77389,   4.15133,-445.22091
   0.93333,   0.00000,   0.00000,   0.00000,   0.84703,  93.98400,-452.22500,   0.98009, 109.42989,-449.22185,   1.01355, 118.18427,-447.16103,   0.90829, 133.78345,-442.17400,   0.93441, 140.14704,-441.08165,   5.91016, 130.66649,-443.42878,  11.13123, 129.94851,-442.51936,  13.65150, 106.05678,-446.35525,  -0.85394,  89.17761,-445.08975,  -4.05041, 130.60378,-443.44188,  -9.20669, 129.74934,-442.30819, -11.35204, 105.83041,-446.20405,   3.73380,  90.26996,-440.98860,   7.29667,  91.80018,-452.76687,  10.07879,  52.83227,-451.72068,  12.99657,  11.96457,-450.66197,  13.22416,   4.52903,-441.56118,  -5.63970,  91.86359,-452.52001,  -6.24442,  52.78925,-452.11471,  -6.85137,  11.80982,-451.76713,  -8.71708,   4.19454,-443.00983
   0.96667,   0.00000,   0.00000,   0.00000,   0.84703,  93.98400,-452.22500,   1.03085, 109.12015,-447.92668,   1.08201, 117.62969,-445.01597,   0.96517, 132.47970,-438.11095,   0.98244, 138.55839,-435.93414,   5.97012, 129.54178,-439.73196,  11.20223, 128.72513,-438.98355,  13.86968, 105.44203,-445.51525,  -0.80846,  88.66714,-445.78056,  -3.99038, 129.48737,-439.78276,  -9.16776, 128.52079,-438.85376, -11.42675, 105.26478,-445.63242,   3.69611,  89.37249,-441.67702,   7.28984,  91.82587,-452.92730,  10.05239,  52.91825,-450.49866,  12.95042,  12.11148,-448.00632,  13.18242,   4.67729,-438.90453,  -5.64701,  91.92422,-452.72049,  -6.26315,  52.88770,-450.95838,  -6.88070,  11.94685,-449.15062,  -8.73797,   4.34075,-440.38356
   1.00000,   0.00000,   0.00000,   0.00000,   0.84703,  93.98400,-452.22500,   1.04667, 108.61154,-446.42781,   1.09741, 116.73238,-442.56302,   0.94586, 130.45034,-433.61816,   0.93618, 136.00305,-430.32324,   5.95856, 127.77336,-435.62196,  11.20488, 126.88916,-435.07757,  14.16558, 104.69401,-444.59021,  -0.74309,  88.23053,-446.48779,  -4.00166, 127.72522,-435.71632,  -9.19886, 126.66226,-435.03680, -11.60367, 104.63732,-445.08739,   3.63482,  88.57652,-442.48925,   7.28800,  91.88494,-453.10164,  10.02030,  53.09485,-449.20350,  12.88565,  12.41471,-445.11459,  13.10996,   4.96865,-436.02231,  -5.64958,  92.00687,-452.96383,  -6.29190,  53.07014,-449.66952,  -6.94758,  12.23308,-446.24793,  -8.80688,   4.63150,-437.47737
   1.03333,   0.00000,   0.00000,   0.00000,   0.84703,  93.98400,-452.22500,   1.07006, 107.90240,-444.88739,   1.11211, 115.50696,-440.08572,   0.86589, 127.82680,-429.29790,   0.78029, 132.62304,-424.97610,   5.89765, 125.48290,-431.64227,  11.15786, 124.57238,-431.32105,  14.45386, 103.90598,-443.72740,  -0.76698,  87.93955,-446.93897,  -4.06190, 125.40086,-431.77544,  -9.26892, 124.24932,-431.37123, -11.94217, 104.06207,-444.68378,   3.42607,  87.99144,-443.11438,   7.28469,  91.97609,-453.31379,  10.00186,  53.35511,-447.98752,  12.85472,  12.83839,-442.50489,  13.05459,   5.40705,-433.40000,  -5.65278,  92.11334,-453.18094,  -6.35084,  53.32169,-448.48464,  -7.06108,  12.63192,-443.62246,  -8.89919,   5.05923,-434.82250
   1.06667,   0.00000,   0.00000,   0.00000,   0.84703,  93.98400,-452.22500,   1.11576, 107.10194,-443.53824,   1.15897, 114.13737,-437.93575,   0.82567, 124.97356,-425.66050,   0.70241, 128.89859,-420.53525,   5.87510, 122.96440,-428.26341,  11.14561, 122.06742,-428.12495,  14.70185, 103.17129,-443.03032,  -0.69085,  87.60418,-447.23091,  -4.08349, 122.86995,-428.45003,  -9.29702, 121.68522,-428.31595, -12.17898, 103.62798,-444.36355,   3.16923,  87.47967,-443.60491,   7.27808,  92.06805,-453.50224,  10.00795,  53.61607,-447.07373,  12.87469,  13.27579,-440.42189,  13.02773,   5.88731,-431.28130,  -5.65891,  92.24444,-453.36845,  -6.40503,  53.60467,-447.55939,  -7.16710,  13.07333,-441.52341,  -8.98471,   5.52559,-432.69780
   1.10000,   0.00000,   0.00000,   0.00000,   0.84703,  93.98400,-452.22500,   1.09577, 106.27478,-442.40221,   1.11736, 112.72466,-436.13438,   0.71111, 122.05123,-422.67830,   0.55086, 125.08356,-416.98019,   5.77621, 120.35049,-425.46413,  11.05429, 119.48814,-425.44798,  14.78718, 102.25745,-442.21251,  -0.79061,  87.17928,-447.39870,  -4.18094, 120.29792,-425.72795,  -9.40110, 119.13816,-425.81369, -12.37913, 103.15274,-443.91045,   2.98136,  86.99846,-443.83494,   7.28083,  92.16198,-453.62037,   9.94369,  53.86080,-446.32234,  12.73920,  13.67677,-438.75715,  12.87368,   6.31046,-429.59839,  -5.65609,  92.38101,-453.56690,  -6.45030,  53.89077,-446.84348,  -7.27082,  13.51923,-439.82432,  -9.11569,   5.97728,-430.99941
   1.13333,   0.00000,   0.00000,   0.00000,   0.84703,  93.98400,-452.22500,   1.07350, 105.53936,-441.54630,   1.07271, 111.46139,-434.77750,   0.58331, 119.40707,-420.46517,   0.36882, 121.64336,-414.41189,   5.66656, 117.95895,-423.35862,  10.94396, 117.09329,-423.40158,  14.94821, 101.38586,-441.54334,  -0.95634,  87.04018,-447.72089,  -4.28759, 117.99709,-423.71983,  -9.51706, 116.90568,-423.97280, -12.55322, 102.71196,-443.49754,   2.89602,  86.65338,-444.09269,   7.28362,  92.24470,-453.71017,   9.85503,  54.06383,-445.77658,  12.55154,  14.01664,-437.48478,  12.66031,   6.66341,-428.31516,  -5.65268,  92.50323,-453.71561,  -6.54957,  54.14871,-446.26845,  -7.45436,  13.90629,-438.55275,  -9.30539,   6.35862,-429.73402
   1.16667,   0.00000,   0.00000,   0.00000,   0.84703,  93.98400,-452.22500,   1.05370, 104.97047,-440.96147,   1.03358, 110.47365,-433.84798,   0.47057, 117.29101,-418.96771,   0.21237, 118.84929,-412.70717,   5.56917, 116.04748,-421.92853,  10.84209, 115.15945,-422.02710,  15.16085, 100.84959,-441.22233,  -1.08089,  87.18405,-448.03222,  -4.38181, 116.15945,-422.35601,  -9.61472, 115.12544,-422.74326, -12.69040, 102.53389,-443.33182,   2.77080,  86.51384,-444.43646,   7.28621,  92.31636,-453.77954,   9.79506,  54.23137,-445.37885,  12.43041,  14.26944,-436.66669,  12.51755,   6.92637,-427.48871,  -5.64974,  92.59009,-453.80922,  -6.60714,  54.31817,-445.95571,  -7.60569,  14.17865,-437.73228,  -9.45747,   6.62988,-428.91465
   1.20000,   0.00000,   0.00000,   0.00000,   0.84703,  93.98400,-452.22500,   1.03560, 104.53327,-440.55069,   0.99795, 109.70730,-433.19439,   0.37457, 115.61644,-417.93302,   0.09476, 116.64662,-411.56515,   5.48523, 114.54786,-420.94099,  10.76109, 113.68208,-421.07434,  15.28844, 100.46581,-440.99202,  -1.10781,  87.25220,-448.30494,  -4.46365, 114.69646,-421.40458,  -9.69836, 113.70778,-421.87664, -12.80316, 102.41623,-443.20166,   2.72435,  86.48402,-444.60593,   7.28855,  92.37042,-453.82619,   9.72205,  54.34336,-445.14558,  12.27959,  14.43988,-436.14698,  12.36096,   7.09696,-426.96883,  -5.64704,  92.65787,-453.87703,  -6.67507,  54.45625,-445.69700,  -7.72224,  14.37443,-437.20263,  -9.58992,   6.82244,-428.39112
   1.23333,   0.00000,   0.00000,   0.00000,   0.84703,  93.98400,-452.22500,   1.01488, 104.17280,-440.23448,   0.95810, 109.08762,-432.70266,   0.28077, 114.32598,-417.20050,  -0.02215, 114.97494,-410.78363,   5.40164, 113.40834,-420.24076,  10.68380, 112.58344,-420.38357,  15.36595, 100.23814,-440.81766,  -1.07968,  87.23688,-448.39554,  -4.54677, 113.53941,-420.71941,  -9.77891, 112.56589,-421.24806, -12.91991, 102.28054,-443.07101,   2.74450,  86.50003,-444.65611,   7.29138,  92.41953,-453.86311,   9.65516,  54.43223,-444.99124,  12.12216,  14.57139,-435.78091,  12.20427,   7.22965,-426.60181,  -5.64410,  92.70921,-453.92823,  -6.73993,  54.54859,-445.56758,  -7.87166,  14.51784,-436.84628,  -9.74532,   6.96632,-428.03563
   1.26667,   0.00000,   0.00000,   0.00000,   0.84703,  93.98400,-452.22500,   1.00838, 103.89716,-440.00553,   0.93668, 108.62080,-432.35248,   0.19937, 113.39019,-416.70239,  -0.11204, 113.79228,-410.26573,   5.33134, 112.59092,-419.75733,  10.61785, 111.79830,-419.92053,  15.36514, 100.04289,-440.68479,  -1.07150,  87.23541,-448.60444,  -4.61663, 112.68347,-420.25390,  -9.84186, 111.70061,-420.83137, -12.98043, 102.11380,-442.97043,   2.83547,  86.50163,-444.71065,   7.29237,  92.46110,-453.89802,   9.57012,  54.49395,-444.91806,  11.96504,  14.66269,-435.56188,  12.04574,   7.31780,-426.38531,  -5.64328,  92.74445,-453.95712,  -6.80502,  54.61158,-445.47956,  -8.01238,  14.61390,-436.61780,  -9.88389,   7.06838,-427.80156
   1.30000,   0.00000,   0.00000,   0.00000,   0.84703,  93.98400,-452.22500,   0.99419, 103.70588,-439.85263,   0.90918, 108.29786,-432.11999,   0.13526, 112.74868,-416.37810,  -0.16826, 112.99271,-409.93314,   5.27387, 112.02897,-419.44164,  10.56497, 111.26819,-419.60756,  15.38584,  99.88995,-440.56408,  -1.01154,  87.16356,-448.69306,  -4.67372, 112.09678,-419.94955,  -9.89430, 111.10380,-420.55117, -12.99399, 101.91240,-442.86273,   2.93001,  86.43382,-444.79947,   7.29438,  92.49020,-453.91639,   9.52544,  54.54077,-444.85024,  11.86944,  14.72485,-435.41619,  11.94042,   7.39034,-426.23123,  -5.64134,  92.76865,-453.98136,  -6.87069,  54.66338,-445.39001,  -8.12420,  14.67807,-436.47898,  -9.98634,   7.14262,-427.65214
   1.33333,   0.00000,   0.00000,   0.00000,   0.84703,  93.98400,-452.22500,   0.96296, 103.58105,-439.75522,   0.86087, 108.08996,-431.97406,   0.06113, 112.35125,-416.18109,  -0.25008, 112.50582,-409.73373,   5.20440, 111.68020,-419.24785,  10.49799, 110.93677,-419.41325,  15.38910,  99.80567,-440.48590,  -1.00601,  87.15967,-448.74391,  -4.74282, 111.73056,-419.76485,  -9.96078, 110.73259,-420.38085, -13.08381, 101.78781,-442.78917,   2.95726,  86.44588,-444.84358,   7.29895,  92.51963,-453.92468,   9.46050,  54.58324,-444.78738,  11.72511,  14.77263,-435.31163,  11.79695,   7.43937,-426.12568,  -5.63721,  92.77401,-454.00022,  -6.93093,  54.67601,-445.38611,  -8.27050,  14.71067,-436.39834, -10.11872,   7.18788,-427.55779
   1.36667,   0.00000,   0.00000,   0.00000,   0.84703,  93.98400,-452.22500,   0.93779, 103.50847,-439.69948,   0.82340, 107.96487,-431.88830,   0.01032, 112.09050,-416.06004,  -0.29872, 112.18616,-409.61143,   5.15591, 111.45397,-419.13025,  10.45099, 110.72328,-419.30437,  15.41926,  99.76125,-440.44748,  -1.00580,  87.17736,-448.74076,  -4.79117, 111.49239,-419.65093, -10.00782, 110.49566,-420.27988, -13.15282, 101.74166,-442.76036,   2.95037,  86.46827,-444.83926,   7.30263,  92.53994,-453.92810,   9.39047,  54.60572,-444.76466,  11.58448,  14.80419,-435.23431,  11.65102,   7.46866,-426.05014,  -5.63386,  92.77393,-454.01232,  -7.00475,  54.68880,-445.35335,  -8.41854,  14.73244,-436.33707, -10.24657,   7.22330,-427.48073
   1.40000,   0.00000,   0.00000,   0.00000,   0.84703,  93.98400,-452.22500,   0.91823, 103.47080,-439.67081,   0.79547, 107.90314,-431.84608,  -0.02004, 111.97773,-416.00472,  -0.32706, 112.05380,-409.55575,   5.12599, 111.35229,-419.07649,  10.42195, 110.62964,-419.25695,  15.39418,  99.74527,-440.43921,  -1.04000,  87.17354,-448.73287,  -4.82106, 111.39001,-419.59795, -10.03796, 110.40228,-420.23895, -13.18682, 101.73552,-442.75266,   2.91339,  86.46044,-444.84223,   7.30527,  92.54478,-453.92216,   9.36904,  54.61289,-444.74367,  11.53306,  14.81371,-435.19667,  11.58479,   7.48525,-426.00674,  -5.63106,  92.77958,-454.02626,  -7.03037,  54.70101,-445.34302,  -8.47422,  14.75142,-436.30153, -10.30228,   7.24914,-427.43939
   1.43333,   0.00000,   0.00000,   0.00000,   0.84703,  93.98400,-452.22500,   0.92113, 103.47070,-439.67074,   0.80137, 107.90171,-431.84521,  -0.00520, 111.96877,-416.00146,  -0.29753, 112.03029,-409.55166,   5.13928, 111.33928,-419.07501,  10.43505, 110.61553,-419.25670,  15.38618,  99.71016,-440.43310,  -1.05241,  87.13465,-448.71229,  -4.80787, 111.38827,-419.59366, -10.02640, 110.40995,-420.23577, -13.18166, 101.73254,-442.74449,   2.89147,  86.43013,-444.84248,   7.30483,  92.54263,-453.92202,   9.32930,  54.60593,-444.75463,  11.45548,  14.80382,-435.21134,  11.48789,   7.49049,-426.00929,  -5.63142,  92.78176,-454.02641,  -7.07757,  54.71262,-445.30958,  -8.54796,  14.75707,-436.29875, -10.38306,   7.26430,-427.43002
   1.46667,   0.00000,   0.00000,   0.00000,   0.84703,  93.98400,-452.22500,   0.93411, 103.49037,-439.68572,   0.82575, 107.93421,-431.86730,   0.05230, 112.02977,-416.02924,  -0.21838, 112.09909,-409.57857,   5.19059, 111.38698,-419.11038,  10.48528, 110.65778,-419.30157,  15.40227,  99.68619,-440.45171,  -1.06135,  87.11720,-448.69096,  -4.75733, 111.45058,-419.61232,  -9.97820, 110.48040,-420.24779, -13.18957, 101.75988,-442.73190,   2.87616,  86.44902,-444.82494,   7.30298,  92.53615,-453.92355,   9.29975,  54.59404,-444.77250,  11.39406,  14.78828,-435.23739,  11.41215,   7.49356,-426.02055,  -5.63319,  92.78276,-454.02071,  -7.10062,  54.70343,-445.35205,  -8.61920,  14.75464,-436.31927, -10.44327,   7.27327,-427.43865
   1.50000,   0.00000,   0.00000,   0.00000,   0.84703,  93.98400,-452.22500,   0.95755, 103.52488,-439.71214,   0.86247, 107.99003,-431.90570,   0.11035, 112.12806,-416.07766,  -0.14727, 112.21615,-409.62668,   5.24466, 111.47132,-419.16248,  10.53756, 110.73204,-419.36436,  15.41622,  99.70695,-440.49554,  -1.08277,  87.12715,-448.64706,  -4.70371, 111.54495,-419.65415,  -9.92678, 110.58224,-420.28283, -13.20018, 101.78698,-442.72885,   2.85700,  86.46695,-444.82044,   7.29968,  92.52701,-453.92824,   9.28641,  54.58766,-444.76354,  11.37661,  14.77268,-435.26611,  11.38407,   7.48815,-426.04119,  -5.63643,  92.78229,-454.00866,  -7.11989,  54.70175,-445.34805,  -8.64489,  14.74366,-436.35758, -10.44608,   7.27717,-427.45978
   1.53333,   0.00000,   0.00000,   0.00000,   0.84703,  93.98400,-452.22500,   1.00170, 103.55513,-439.73573,   0.93028, 108.03797,-431.93918,   0.21260, 112.20681,-416.11763,  -0.01928, 112.31382,-409.66596,   5.34035, 111.53836,-419.21083,  10.63245, 110.79705,-419.42581,  15.46200,  99.72349,-440.54293,  -1.05756,  87.12128,-448.61781,  -4.60883, 111.62243,-419.68397,  -9.83425, 110.66741,-420.30477, -13.15838, 101.81452,-442.72066,   2.87901,  86.47154,-444.79584,   7.29346,  92.51536,-453.94173,   9.29261,  54.56976,-444.80569,  11.39753,  14.75272,-435.32017,  11.38632,   7.48467,-426.08226,  -5.64251,  92.78550,-453.98859,  -7.12176,  54.69787,-445.35852,  -8.64702,  14.73518,-436.38855, -10.43878,   7.27979,-427.47955
   1.56667,   0.00000,   0.00000,   0.00000,   0.84703,  93.98400,-452.22500,   1.04386, 103.58466,-439.75901,   0.99639, 108.08537,-431.97258,   0.31916, 112.28816,-416.15822,   0.11250, 112.43151,-409.70640,   5.43899, 111.61309,-419.26310,  10.73012, 110.86830,-419.48967,  15.50261,  99.76833,-440.60588,  -1.03696,  87.14002,-448.59862,  -4.51137, 111.69610,-419.71096,  -9.73794, 110.73971,-420.31992, -13.11704, 101.85837,-442.71632,   2.89959,  86.49628,-444.81026,   7.28761,  92.51017,-453.95918,   9.29697,  54.56855,-444.80888,  11.40597,  14.74356,-435.35768,  11.39124,   7.48165,-426.11495,  -5.64841,  92.78246,-453.96466,  -7.11888,  54.68233,-445.38842,  -8.65166,  14.71906,-436.42233, -10.43510,   7.26525,-427.51034
   1.60000,   0.00000,   0.00000,   0.00000,   0.84703,  93.98400,-452.22500,   1.07889, 103.59901,-439.77068,   1.05386, 108.11028,-431.99026,   0.42434, 112.34092,-416.18136,   0.24114, 112.49931,-409.72918,   5.53481, 111.65896,-419.30009,  10.82517, 110.91119,-419.53467,  15.52943,  99.78377,-440.65175,  -1.02029,  87.12903,-448.58140,  -4.41680, 111.74403,-419.71883,  -9.64606, 110.79035,-420.30855, -13.07497, 101.85261,-442.67493,   2.92684,  86.48068,-444.80956,   7.28267,  92.50635,-453.97417,   9.31872,  54.55354,-444.87630,  11.45230,  14.73610,-435.39883,  11.44072,   7.47444,-426.15590,  -5.65323,  92.78229,-453.94641,  -7.09778,  54.68225,-445.36536,  -8.58529,  14.70547,-436.45203, -10.37946,   7.25325,-427.54087
   1.63333,   0.00000,   0.00000,   0.00000,   0.84703,  93.98400,-452.22500,   1.10875, 103.59944,-439.77160,   1.10297, 108.11457,-431.99338,   0.51568, 112.36759,-416.18886,   0.35161, 112.53330,-409.73636,   5.61789, 111.67843,-419.31952,  10.90712, 110.92647,-419.56594,  15.54278,  99.77424,-440.68511,  -1.02403,  87.10224,-448.55127,  -4.33469, 111.76847,-419.71327,  -9.56578, 110.81784,-420.29164, -13.04709, 101.83524,-442.63193,   2.93590,  86.44642,-444.78587,   7.27837,  92.50140,-453.98577,   9.31304,  54.54823,-444.88908,  11.44890,  14.72257,-435.44675,  11.44209,   7.46104,-426.20371,  -5.65725,  92.78711,-453.93456,  -7.09874,  54.68253,-445.37323,  -8.58083,  14.69930,-436.48793, -10.37775,   7.23691,-427.58584
   1.66667,   0.00000,   0.00000,   0.00000,   0.84703,  93.98400,-452.22500,   1.13000, 103.59868,-439.77148,   1.13657, 108.11442,-431.99362,   0.57066, 112.37305,-416.18983,   0.41970, 112.53913,-409.73701,   5.66880, 111.67732,-419.32566,  10.95686, 110.92050,-419.58207,  15.56126,  99.75588,-440.70152,  -1.02479,  87.07934,-448.51969,  -4.28409, 111.77814,-419.70892,  -9.51782, 110.83683,-420.27857, -13.03141, 101.81990,-442.59997,   2.94079,  86.42623,-444.79879,   7.27527,  92.49658,-453.99303,   9.31292,  54.53554,-444.92996,  11.44958,  14.70785,-435.49635,  11.43836,   7.44876,-426.25141,  -5.66007,  92.79214,-453.92733,  -7.09513,  54.67861,-445.40481,  -8.58053,  14.69352,-436.52848, -10.37923,   7.22775,-427.62957
   1.70000,   0.00000,   0.00000,   0.00000,   0.84703,  93.98400,-452.22500,   1.13909, 103.58940,-439.76454,   1.15142, 108.10037,-431.98391,   0.59555, 112.35365,-416.17832,   0.45163, 112.51703,-409.72527,   5.69187, 111.65314,-419.31605,  10.97907, 110.89149,-419.57587,  15.57310,  99.73604,-440.70242,  -1.02975,  87.07269,-448.50631,  -4.26102, 111.76576,-419.69608,  -9.49696, 110.83127,-420.25660, -13.02668, 101.81101,-442.57412,   2.93923,  86.41753,-444.81938,   7.27394,  92.49618,-453.99750,   9.29961,  54.52874,-444.95858,  11.42664,  14.69669,-435.54121,  11.42512,   7.43447,-426.29872,  -5.66128,  92.79513,-453.92479,  -7.10418,  54.68238,-445.40007,  -8.58393,  14.68746,-436.56722, -10.38653,   7.21769,-427.67246
   1.73333,   0.00000,   0.00000,   0.00000,   0.84703,  93.98400,-452.22500,   1.13941, 103.57631,-439.75446,   1.15449, 108.07839,-431.96869,   0.61268, 112.31094,-416.15705,   0.46303, 112.46495,-409.70390,   5.70622, 111.61393,-419.30007,  10.99284, 110.85013,-419.56531,  15.56232,  99.71305,-440.70688,  -1.05172,  87.05224,-448.49103,  -4.24697, 111.72827,-419.67143,  -9.48360, 110.79632,-420.22971, -13.03146, 101.79247,-442.55098,   2.92284,  86.39118,-444.82512,   7.27392,  92.49927,-454.00017,   9.28912,  54.52895,-444.97100,  11.40259,  14.69114,-435.57498,  11.40730,   7.42461,-426.33587,  -5.66134,  92.79569,-453.92493,  -7.10455,  54.67850,-445.42015,  -8.58539,  14.67955,-436.60575, -10.40443,   7.20687,-427.71678
   1.76666,   0.00000,   0.00000,   0.00000,   0.84703,  93.98400,-452.22500,   1.13366, 103.55938,-439.74133,   1.14632, 108.04954,-431.94867,   0.60478, 112.25232,-416.12908,   0.45524, 112.39224,-409.67561,   5.69828, 111.56085,-419.27339,  10.98490, 110.79783,-419.54078,  15.56452,  99.68771,-440.69435,  -1.05102,  87.03062,-448.48133,  -4.25491, 111.67664,-419.64456,  -9.49188, 110.74660,-420.20274, -13.02377, 101.77255,-442.53854,   2.92560,  86.36961,-444.83591,   7.27469,  92.49924,-453.99735,   9.29179,  54.52114,-445.00134,  11.40767,  14.67975,-435.62107,  11.41430,   7.41471,-426.38079,  -5.66051,  92.80044,-453.93142,  -7.09330,  54.67713,-445.45234,  -8.56974,  14.67678,-436.64353, -10.40146,   7.19845,-427.76192
   1.80000,   0.00000,   0.00000,   0.00000,   0.84703,  93.98400,-452.22500,   1.12296, 103.54987,-439.73379,   1.12739, 108.02991,-431.93531,   0.56335, 112.19517,-416.10659,   0.40414, 112.31736,-409.65299,   5.66118, 111.51600,-419.24656,  10.94859, 110.75724,-419.51045,  15.55549,  99.69026,-440.68069,  -1.05480,  87.04123,-448.49192,  -4.29168, 111.62300,-419.62907,  -9.52754, 110.69010,-420.19293, -13.05376, 101.75614,-442.54568,   2.92726,  86.38610,-444.84342,   7.27631,  92.50575,-453.99693,   9.26132,  54.52472,-445.00622,  11.33947,  14.67441,-435.65541,  11.35071,   7.40135,-426.42145,  -5.65915,  92.79657,-453.93393,  -7.11333,  54.66270,-445.50616,  -8.63193,  14.66623,-436.68691, -10.46941,   7.18797,-427.80644
   1.83333,   0.00000,   0.00000,   0.00000,   0.84703,  93.98400,-452.22500,   1.10193, 103.52486,-439.71424,   1.09354, 107.98766,-431.90588,   0.50372, 112.11146,-416.06724,   0.33729, 112.22211,-409.61361,   5.60658, 111.44315,-419.20137,  10.89469, 110.68906,-419.46472,  15.54736,  99.66935,-440.64961,  -1.05640,  87.02324,-448.47945,  -4.34575, 111.54588,-419.59842,  -9.57986, 110.61173,-420.17635, -13.07829, 101.71697,-442.54910,   2.92032,  86.36286,-444.83089,   7.27938,  92.51416,-453.99278,   9.24231,  54.52382,-445.03660,  11.29595,  14.67154,-435.68879,  11.30959,   7.39307,-426.45910,  -5.65636,  92.79514,-453.94353,  -7.13217,  54.66099,-445.52078,  -8.66663,  14.65933,-436.72782, -10.50862,   7.17946,-427.84964
   1.86666,   0.00000,   0.00000,   0.00000,   0.84703,  93.98400,-452.22500,   1.07920, 103.50383,-439.69778,   1.05681, 107.95091,-431.88049,   0.43849, 112.03241,-416.03199,   0.26127, 112.13045,-409.57844,   5.54689, 111.37537,-419.15945,  10.83552, 110.62550,-419.42428,  15.53064,  99.67328,-440.63479,  -1.06055,  87.01794,-448.47636,  -4.40483, 111.47337,-419.57264,  -9.63681, 110.53756,-420.16691, -13.09038, 101.71029,-442.57332,   2.90755,  86.35125,-444.82656,   7.28267,  92.52182,-453.98714,   9.21947,  54.53110,-445.02688,  11.24675,  14.66777,-435.72052,  11.26336,   7.38716,-426.49252,  -5.65332,  92.79334,-453.95376,  -7.16249,  54.66321,-445.51871,  -8.71477,  14.65346,-436.76581, -10.55735,   7.16948,-427.89121
   1.90000,   0.00000,   0.00000,   0.00000,   0.84703,  93.98400,-452.22500,   1.05456, 103.48566,-439.68357,   1.01773, 107.91989,-431.85903,   0.37429, 111.96902,-416.00322,   0.16889, 112.06148,-409.55043,   5.48751, 111.32306,-419.12514,  10.77619, 110.57200,-419.38547,  15.51027,  99.68146,-440.61906,  -1.07783,  87.03602,-448.48308,  -4.46374, 111.41252,-419.55150,  -9.69382, 110.47533,-420.16014, -13.12606, 101.70540,-442.59234,   2.88692,  86.36102,-444.83853,   7.28619,  92.52771,-453.97914,   9.19049,  54.53142,-445.03557,  11.18766,  14.66033,-435.75596,  11.20318,   7.37543,-426.53135,  -5.64997,  92.79250,-453.96572,  -7.18160,  54.66004,-445.54532,  -8.76053,  14.65027,-436.79728, -10.61271,   7.16320,-427.92728
   1.93333,   0.00000,   0.00000,   0.00000,   0.84703,  93.98400,-452.22500,   1.02601, 103.46595,-439.66822,   0.97204, 107.88636,-431.83596,   0.29325, 111.90174,-415.97305,   0.07580, 111.98601,-409.52055,   5.41347, 111.26028,-419.08439,  10.70236, 110.50764,-419.33584,  15.49064,  99.65427,-440.57632,  -1.09153,  87.02289,-448.47538,  -4.53671, 111.35493,-419.53381,  -9.76538, 110.42049,-420.15861, -13.15747, 101.68406,-442.60998,   2.86014,  86.34201,-444.83901,   7.29027,  92.53509,-453.97027,   9.16254,  54.53137,-445.05149,  11.12412,  14.65704,-435.77828,  11.14687,   7.37111,-426.55449,  -5.64609,  92.79062,-453.97887,  -7.20359,  54.65446,-445.57997,  -8.81853,  14.64726,-436.82677, -10.67619,   7.16225,-427.95618
   1.96666,   0.00000,   0.00000,   0.00000,   0.84703,  93.98400,-452.22500,   1.00011, 103.44298,-439.65056,   0.92950, 107.84963,-431.81069,   0.21370, 111.83955,-415.94298,  -0.01516, 111.92600,-409.49090,   5.34116, 111.20343,-419.04347,  10.62998, 110.44563,-419.28051,  15.46037,  99.64494,-440.53829,  -1.09923,  87.01884,-448.49294,  -4.60797, 111.29812,-419.51579,  -9.83479, 110.36305,-420.15492, -13.17999, 101.65921,-442.62598,   2.84959,  86.32666,-444.83424,   7.29393,  92.54216,-453.96256,   9.12273,  54.52583,-445.08864,  11.03598,  14.65532,-435.78893,  11.06824,   7.36471,-426.56886,  -5.64254,  92.78995,-453.99150,  -7.23362,  54.65294,-445.60275,  -8.88853,  14.64830,-436.84530, -10.74792,   7.15805,-427.97951
   2.00000,   0.00000,   0.00000,   0.00000,   0.84703,  93.98400,-452.22500,   0.98077, 103.43546,-439.64469,   0.89763, 107.83456,-431.80070,   0.15379, 111.79777,-415.92759,  -0.09123, 111.87668,-409.47601,   5.28669, 111.16785,-419.02034,  10.57583, 110.41100,-419.25346,  15.44919,  99.62676,-440.50979,  -1.10355,  87.01057,-448.49440,  -4.66162, 111.26138,-419.50957,  -9.88680, 110.32536,-420.16064, -13.19007, 101.65717,-442.65166,   2.84774,  86.32926,-444.83216,   7.29667,  92.54645,-453.95595,   9.09692,  54.53191,-445.06854,  10.98849,  14.65203,-435.80462,  11.01677,   7.35864,-426.58674,  -5.63989,  92.78776,-453.99974,  -7.25493,  54.65685,-445.58788,  -8.92087,  14.64862,-436.84890, -10.79359,   7.15626,-427.98770
   2.03333,   0.00000,   0.00000,   0.00000,   0.84703,  93.98400,-452.22500,   0.96091, 103.42953,-439.64004,   0.86662, 107.82269,-431.79285,   0.10503, 111.76478,-415.91532,  -0.14692, 111.83883,-409.46394,   5.24137, 111.13962,-419.00332,  10.53111, 110.38486,-419.22905,  15.42957,  99.64639,-440.50277,  -1.10922,  87.02367,-448.50593,  -4.70643, 111.23249,-419.50323,  -9.93118, 110.29735,-420.15898, -13.20421, 101.65690,-442.66510,   2.83480,  86.32984,-444.84271,   7.29940,  92.54728,-453.94645,   9.10589,  54.53858,-445.03535,  10.99715,  14.65601,-435.78295,  11.02153,   7.36244,-426.56520,  -5.63708,  92.78858,-454.01054,  -7.25805,  54.66169,-445.58162,  -8.92563,  14.65439,-436.83873, -10.79987,   7.15836,-427.98095
   2.06666,   0.00000,   0.00000,   0.00000,   0.84703,  93.98400,-452.22500,   0.95387, 103.41810,-439.63141,   0.85440, 107.80382,-431.78012,   0.08055, 111.72941,-415.89910,  -0.17311, 111.80200,-409.44777,   5.21920, 111.11005,-418.98442,  10.50957, 110.35907,-419.20818,  15.43076,  99.64511,-440.48901,  -1.10315,  87.01258,-448.48678,  -4.72832, 111.19827,-419.49065,  -9.95218, 110.26173,-420.15149, -13.20965, 101.63922,-442.66674,   2.84524,  86.32814,-444.83984,   7.30036,  92.54906,-453.94432,   9.09026,  54.53345,-445.05941,  10.97062,  14.65585,-435.78337,  10.99354,   7.36432,-426.56401,  -5.63608,  92.78998,-454.01508,  -7.25913,  54.66193,-445.59184,  -8.93881,  14.66039,-436.82493, -10.81665,   7.16438,-427.96790
   2.10000,   0.00000,   0.00000,   0.00000,   0.84703,  93.98400,-452.22500,   0.95442, 103.41557,-439.62952,   0.85391, 107.79607,-431.77533,   0.07190, 111.69653,-415.88852,  -0.17944, 111.75605,-409.43697,   5.21210, 111.08323,-418.97247,  10.50292, 110.33486,-419.19414,  15.43909,  99.64561,-440.48393,  -1.09225,  87.01615,-448.49185,  -4.73521, 111.16990,-419.48309,  -9.95832, 110.23343,-420.14990, -13.20072, 101.63178,-442.67531,   2.86503,  86.32930,-444.82866,   7.30037,  92.55304,-453.94760,   9.07215,  54.54175,-445.04059,  10.93579,  14.66681,-435.74978,  10.96195,   7.37167,-426.53329,  -5.63624,  92.78671,-454.01232,  -7.26155,  54.65456,-445.60809,  -8.96553,  14.66437,-436.79420, -10.84484,   7.16912,-427.93683
   2.13333,   0.00000,   0.00000,   0.00000,   0.84703,  93.98400,-452.22500,   0.95962, 103.41125,-439.62632,   0.86041, 107.78889,-431.77053,   0.07475, 111.68274,-415.88228,  -0.17530, 111.73963,-409.43065,   5.21564, 111.07123,-418.96543,  10.50619, 110.31992,-419.18396,  15.44149,  99.66441,-440.49085,  -1.08872,  87.02118,-448.47936,  -4.73157, 111.15709,-419.47804,  -9.95440, 110.22034,-420.14665, -13.18199, 101.63796,-442.68153,   2.87310,  86.32267,-444.82326,   7.29962,  92.55211,-453.94962,   9.08313,  54.54702,-445.01849,  10.95141,  14.68056,-435.69232,  10.98229,   7.38836,-426.47351,  -5.63694,  92.78885,-454.01119,  -7.26590,  54.66742,-445.55913,  -8.95774,  14.67698,-436.74410, -10.83119,   7.18033,-427.88667
   2.16666,   0.00000,   0.00000,   0.00000,   0.84703,  93.98400,-452.22500,   0.97175, 103.41041,-439.62582,   0.87749, 107.78646,-431.76907,   0.09307, 111.67255,-415.87885,  -0.15351, 111.71568,-409.42699,   5.23377, 111.06079,-418.96227,  10.52423, 110.30944,-419.18267,  15.44634,  99.66574,-440.49852,  -1.08028,  87.00671,-448.46940,  -4.71340, 111.15042,-419.47492,  -9.93691, 110.21888,-420.14552, -13.15927, 101.62728,-442.67764,   2.88582,  86.29890,-444.80063,   7.29788,  92.54851,-453.95315,   9.08847,  54.54936,-444.99823,  10.97024,  14.68975,-435.64550,  10.99888,   7.39595,-426.42794,  -5.63858,  92.79268,-454.00781,  -7.25754,  54.67880,-445.51985,  -8.93494,  14.69327,-436.67979, -10.81785,   7.19550,-427.82532
   2.20000,   0.00000,   0.00000,   0.00000,   0.84703,  93.98400,-452.22500,   0.98942, 103.42826,-439.63937,   0.90215, 107.81240,-431.78706,   0.11792, 111.70237,-415.89779,  -0.12637, 111.73591,-409.44578,   5.25864, 111.08807,-418.98068,  10.54849, 110.33297,-419.20288,  15.46907,  99.67403,-440.51146,  -1.06783,  87.00342,-448.44253,  -4.68847, 111.18114,-419.49410,  -9.91250, 110.25462,-420.16757, -13.13676, 101.65040,-442.69460,   2.89837,  86.30540,-444.77228,   7.29538,  92.54261,-453.95758,   9.10987,  54.54861,-444.98561,  11.01100,  14.70272,-435.57852,  11.03700,   7.41122,-426.35914,  -5.64100,  92.79360,-453.99960,  -7.24707,  54.68760,-445.47392,  -8.90403,  14.70523,-436.61574, -10.78388,   7.20519,-427.76254
   2.23333,   0.00000,   0.00000,   0.00000,   0.84703,  93.98400,-452.22500,   0.99439, 103.46609,-439.66791,   0.90977, 107.87591,-431.82996,   0.12862, 111.82636,-415.95546,  -0.10565, 111.86944,-409.50313,   5.26880, 111.19832,-419.03649,  10.55828, 110.44004,-419.25655,  15.46590,  99.69796,-440.52633,  -1.06593,  86.97702,-448.38711,  -4.67832, 111.29344,-419.54932,  -9.90250, 110.36544,-420.21958, -13.12074, 101.66715,-442.71131,   2.89471,  86.29455,-444.73601,   7.29468,  92.53687,-453.95538,   9.12675,  54.55646,-444.92960,  11.04497,  14.71209,-435.51951,  11.07440,   7.42277,-426.29842,  -5.64169,  92.78881,-453.99384,  -7.24284,  54.69008,-445.43481,  -8.88768,  14.71020,-436.56312, -10.75780,   7.20883,-427.70899
   2.26666,   0.00000,   0.00000,   0.00000,   0.84703,  93.98400,-452.22500,   1.01794, 103.56460,-439.74321,   0.94224, 108.03524,-431.93970,   0.16009, 112.10565,-416.09558,  -0.06591, 112.15786,-409.64303,   5.30048, 111.45391,-419.17134,  10.58898, 110.68624,-419.38212,  15.46751,  99.75065,-440.55979,  -1.05136,  86.94546,-448.31023,  -4.64659, 111.54598,-419.68572,  -9.87007, 110.60828,-420.34791, -13.07666, 101.70998,-442.76293,   2.91556,  86.29673,-444.65814,   7.29132,  92.51830,-453.95226,   9.14618,  54.54247,-444.91188,  11.09665,  14.70117,-435.49544,  11.12639,   7.40789,-426.27748,  -5.64489,  92.77992,-453.97598,  -7.22057,  54.67879,-445.42294,  -8.84878,  14.70382,-436.52608, -10.71139,   7.19677,-427.67518
   2.30000,   0.00000,   0.00000,   0.00000,   0.84703,  93.98400,-452.22500,   1.03065, 103.74261,-439.88207,   0.95716, 108.32604,-432.14424,   0.15986, 112.63108,-416.36302,  -0.06934, 112.73762,-409.91125,   5.30313, 111.93577,-419.42438,  10.59108, 111.16055,-419.62102,  15.45856,  99.86337,-440.61060,  -1.03059,  86.90586,-448.16879,  -4.64353, 112.01620,-419.94854,  -9.86728, 111.06795,-420.59333, -13.05370, 101.75392,-442.84172,   2.93815,  86.31660,-444.53307,   7.28954,  92.49284,-453.93704,   9.17614,  54.51534,-444.91024,  11.16222,  14.66849,-435.52480,  11.19358,   7.38049,-426.30267,  -5.64666,  92.75578,-453.95251,  -7.19300,  54.64604,-445.43249,  -8.79951,  14.66888,-436.54153, -10.66467,   7.15761,-427.69475
   2.33333,   0.00000,   0.00000,   0.00000,   0.84703,  93.98400,-452.22500,   1.03239, 104.03765,-440.12119,   0.95599, 108.81115,-432.49919,   0.13733, 113.52454,-416.83619,  -0.08652, 113.80846,-410.38960,   5.28468, 112.75189,-419.87202,  10.57167, 111.96455,-420.04505,  15.43934, 100.11276,-440.72649,  -0.99417,  86.90759,-447.97071,  -4.66133, 112.81484,-420.41050,  -9.88362, 111.84387,-421.03295, -13.03701, 101.87431,-443.00018,   2.95153,  86.39988,-444.34917,   7.28938,  92.45593,-453.90478,   9.21865,  54.46586,-444.94015,  11.23040,  14.60207,-435.63237,  11.26422,   7.31376,-426.41050,  -5.64698,  92.71047,-453.91813,  -7.18239,  54.58297,-445.47596,  -8.77723,  14.58731,-436.66649, -10.63827,   7.06951,-427.82439
   2.36666,   0.00000,   0.00000,   0.00000,   0.84703,  93.98400,-452.22500,   1.01712, 104.43988,-440.46669,   0.92900, 109.48159,-433.01951,   0.07926, 114.80760,-417.55576,  -0.16327, 115.39878,-411.13073,   5.23252, 113.92040,-420.54998,  10.52006, 113.13053,-420.69166,  15.38202, 100.46536,-440.88660,  -0.94452,  86.89888,-447.69176,  -4.71259, 113.95353,-421.10756,  -9.93304, 112.95225,-421.69645, -13.01494, 102.04999,-443.22638,   2.96257,  86.53161,-444.12638,   7.29157,  92.40361,-453.84700,   9.23234,  54.37735,-445.03967,  11.27041,  14.47520,-435.90359,  11.29694,   7.18606,-426.68235,  -5.64491,  92.65070,-453.87963,  -7.15892,  54.48919,-445.58862,  -8.73668,  14.46182,-436.92125, -10.60836,   6.93855,-428.08604
   2.40000,   0.00000,   0.00000,   0.00000,   0.84703,  93.98400,-452.22500,   0.99187, 104.92849,-440.91972,   0.88667, 110.30391,-433.70994,  -0.00259, 116.42428,-418.54530,  -0.26230, 117.47986,-412.18075,   5.15815, 115.38913,-421.47852,  10.44745, 114.60347,-421.56896,  15.41535, 101.01754,-441.12971,  -0.85628,  87.14462,-447.42982,  -4.78575, 115.38120,-422.05812, -10.00205, 114.34289,-422.61900, -13.01999, 102.22100,-443.49596,   2.97810,  86.70027,-443.77686,   7.29519,  92.34337,-453.77103,   9.25145,  54.25704,-445.23073,  11.30445,  14.30021,-436.34027,  11.33579,   7.01154,-427.11868,  -5.64149,  92.57478,-453.82936,  -7.14392,  54.36548,-445.75929,  -8.70195,  14.28290,-437.34728, -10.58030,   6.75783,-428.51502
   2.43333,   0.00000,   0.00000,   0.00000,   0.84703,  93.98400,-452.22500,   0.96565, 105.49698,-441.49888,   0.84392, 111.26327,-434.59800,  -0.08329, 118.32629,-419.85114,  -0.35996, 119.96087,-413.61088,   5.08480, 117.10837,-422.70001,  10.37323, 116.31299,-422.74424,  15.35717, 101.49482,-441.38460,  -0.72541,  87.16479,-447.12186,  -4.85757, 117.06426,-423.30368, -10.07130, 115.99408,-423.82741, -13.00030, 102.35565,-443.76003,   3.03599,  86.87885,-443.29452,   7.29895,  92.27448,-453.67789,   9.25295,  54.11096,-445.48886,  11.30186,  14.07010,-436.98393,  11.33083,   6.77622,-427.76644,  -5.63795,  92.48525,-453.76110,  -7.15098,  54.20574,-446.03302,  -8.71653,  14.04764,-437.99069, -10.59122,   6.51958,-429.16021
   2.46666,   0.00000,   0.00000,   0.00000,   0.84703,  93.98400,-452.22500,   0.91517, 106.10043,-442.18509,   0.76902, 112.28622,-435.65809,  -0.18382, 120.38107,-421.45311,  -0.47377, 122.65725,-415.41786,   4.98911, 118.96756,-424.20109,  10.27900, 118.18073,-424.19451,  15.32371, 101.92556,-441.57845,  -0.75819,  87.35644,-446.68028,  -4.95238, 118.87235,-424.81333, -10.16748, 117.78707,-425.29021, -13.00009, 102.48750,-443.99301,   3.11346,  87.14240,-442.65428,   7.30600,  92.20504,-453.55825,   9.26676,  53.94395,-445.83964,  11.32569,  13.80016,-437.83714,  11.36230,   6.51082,-428.61609,  -5.63094,  92.38654,-453.68953,  -7.13919,  54.01785,-446.41608,  -8.69719,  13.76538,-438.85870, -10.56488,   6.24502,-430.02018
   2.50000,   0.00000,   0.00000,   0.00000,   0.84703,  93.98400,-452.22500,   0.87709, 106.70058,-442.95678,   0.71390, 113.31377,-436.86365,  -0.25462, 122.50353,-423.34232,  -0.54130, 125.48331,-417.62149,   4.92150, 120.87285,-425.96095,  10.20909, 120.07356,-425.89318,  15.31983, 102.32292,-441.72593,  -0.72369,  87.46182,-446.04663,  -5.01901, 120.73942,-426.58193, -10.23424, 119.63234,-427.00410, -12.98183, 102.62521,-444.18268,   3.18592,  87.45279,-441.87781,   7.31131,  92.13681,-453.43392,   9.26309,  53.75974,-446.31186,  11.31121,  13.49697,-438.92827,  11.34906,   6.20164,-429.71196,  -5.62564,  92.28753,-453.59881,  -7.15974,  53.81130,-446.92346,  -8.73409,  13.44824,-439.98458, -10.58753,   5.93226,-431.13934
   2.53333,   0.00000,   0.00000,   0.00000,   0.84703,  93.98400,-452.22500,   0.82999, 107.28699,-443.82010,   0.64849, 114.32931,-438.22904,  -0.32418, 124.66862,-425.56537,  -0.60293, 128.35921,-420.27471,   4.85319, 122.79968,-428.01700,  10.13680, 121.98468,-427.87099,  15.31553, 102.79198,-441.89605,  -0.68407,  87.63631,-445.24775,  -5.08610, 122.64249,-428.65169, -10.30025, 121.51094,-429.01881, -13.00592, 102.76503,-444.28858,   3.19242,  87.81681,-440.96060,   7.31762,  92.06933,-453.28618,   9.25788,  53.56370,-446.89207,  11.29442,  13.17126,-440.25082,  11.33585,   5.87685,-431.03380,  -5.61882,  92.19159,-453.50597,  -7.16461,  53.60312,-447.51644,  -8.75294,  13.12144,-441.31047, -10.60411,   5.60949,-432.46133
   2.56666,   0.00000,   0.00000,   0.00000,   0.84703,  93.98400,-452.22500,   0.76845, 107.83139,-444.75132,   0.56699, 115.28653,-439.72465,  -0.38392, 126.79555,-428.11197,  -0.66084, 131.15129,-423.35381,   4.78982, 124.67564,-430.35850,  10.06896, 123.85519,-430.11423,  15.23969, 103.37233,-442.18057,  -0.65163,  87.89060,-444.34787,  -5.14858, 124.50603,-431.00380, -10.36670, 123.37126,-431.29723, -13.00363, 103.07875,-444.45609,   3.16358,  88.40635,-439.95577,   7.32524,  92.00485,-453.10611,   9.26883,  53.37183,-447.53437,  11.30860,  12.84659,-441.75966,  11.35515,   5.55098,-432.54361,  -5.60929,  92.10436,-453.42654,  -7.15705,  53.40262,-448.21947,  -8.74714,  12.80362,-442.83467, -10.59885,   5.29638,-433.98164
   2.60000,   0.00000,   0.00000,   0.00000,   0.84703,  93.98400,-452.22500,   0.72568, 108.32107,-445.74071,   0.51352, 116.15503,-441.32809,  -0.40498, 128.77216,-430.92711,  -0.67429, 133.72171,-426.78965,   4.76293, 126.41549,-432.93894,  10.03670, 125.59699,-432.59329,  15.18298, 104.04369,-442.63579,  -0.66467,  88.38358,-443.36284,  -5.17501, 126.22570,-433.58585, -10.39717, 125.08888,-433.78388, -12.97371, 103.55488,-444.80857,   3.15082,  89.32794,-438.93450,   7.33025,  91.95161,-452.93055,   9.27558,  53.20235,-448.23553,  11.31849,  12.55099,-443.42972,  11.37563,   5.25525,-434.21383,  -5.60238,  92.02115,-453.32640,  -7.15918,  53.21319,-448.98445,  -8.76233,  12.50397,-444.51312, -10.60295,   5.00259,-435.65282
   2.63333,   0.00000,   0.00000,   0.00000,   0.84703,  93.98400,-452.22500,   0.71644, 108.74949,-446.78666,   0.50795, 116.91731,-443.02763,  -0.37213, 130.52325,-433.95460,  -0.63573, 135.95444,-430.47295,   4.78865, 127.95391,-435.70769,  10.05666, 127.14786,-435.25995,  15.19312, 104.72376,-443.17558,  -0.65890,  89.07441,-442.32315,  -5.14895, 127.74160,-436.35272, -10.37341, 126.60260,-436.45392, -12.96577, 104.07728,-445.27350,   3.11485,  90.47029,-437.98143,   7.33106,  91.90475,-452.76788,   9.30367,  53.04795,-449.08137,  11.37242,  12.29773,-445.21579,  11.43695,   4.99796,-436.00315,  -5.60061,  91.94862,-453.19760,  -7.13581,  53.04534,-449.80474,  -8.72120,  12.23986,-446.31149, -10.56445,   4.74727,-437.44430
   2.66666,   0.00000,   0.00000,   0.00000,   0.84703,  93.98400,-452.22500,   0.71409, 109.11771,-447.91624,   0.51291, 117.56890,-444.84636,  -0.32369, 131.99687,-437.14249,  -0.58557, 137.78438,-434.29200,   4.82891, 129.24392,-438.61913,  10.09049, 128.45334,-438.07799,  15.25112, 105.36057,-443.73242,  -0.66430,  89.93329,-441.36304,  -5.10765, 129.01867,-439.27571, -10.33357, 127.88211,-439.29884, -13.03061, 104.57402,-445.72958,   3.03787,  91.75134,-437.11019,   7.33069,  91.86508,-452.58966,   9.33647,  52.93317,-449.83003,  11.44101,  12.09661,-447.04628,  11.52251,   4.78630,-437.84214,  -5.59959,  91.88568,-453.06104,  -7.10392,  52.90980,-450.62151,  -8.65076,  12.02812,-448.15186, -10.49015,   4.53608,-439.28340
   2.70000,   0.00000,   0.00000,   0.00000,   0.84703,  93.98400,-452.22500,   0.73099, 109.38626,-449.00490,   0.54185, 118.05078,-446.60126,  -0.26519, 133.12020,-440.23908,  -0.52473, 139.15696,-437.96326,   4.88175, 130.22887,-441.44648,  10.13796, 129.45957,-440.82805,  15.36737, 105.92513,-444.09367,  -0.65819,  90.90341,-440.29305,  -5.05393, 129.97563,-442.10621, -10.28219, 128.85074,-442.05644, -13.11982, 105.02119,-446.05594,   2.95751,  93.12689,-436.20929,   7.32805,  91.83580,-452.43029,   9.38002,  52.84849,-450.66643,  11.53176,  11.95990,-448.85084,  11.62650,   4.64252,-439.65243,  -5.60167,  91.84013,-452.91704,  -7.05131,  52.81321,-451.45668,  -8.55711,  11.88263,-449.96585, -10.40019,   4.39351,-441.09569
   2.73333,   0.00000,   0.00000,   0.00000,   0.84703,  93.98400,-452.22500,   0.75296, 109.57503,-450.09819,   0.57851, 118.39467,-448.34589,  -0.19361, 133.93824,-443.24519,  -0.44642, 140.14107,-441.47028,   4.94658, 130.94259,-444.20074,  10.19749, 130.19397,-443.51551,  15.52010, 106.47099,-444.39324,  -0.65547,  92.01146,-439.27576,  -4.98867, 130.66475,-444.85706, -10.21742, 129.54731,-444.73852, -13.23828, 105.45787,-446.30972,   2.89041,  94.57854,-435.42780,   7.32454,  91.81589,-452.26625,   9.42848,  52.80388,-451.28193,  11.63108,  11.88285,-450.63314,  11.74315,   4.55153,-441.44604,  -5.60427,  91.80744,-452.77641,  -7.00953,  52.75516,-452.24844,  -8.45954,  11.79836,-451.75794, -10.30337,   4.30096,-442.89493
   2.76666,   0.00000,   0.00000,   0.00000,   0.84703,  93.98400,-452.22500,   0.76424, 109.66416,-450.90671,   0.60397, 118.57342,-449.68748,  -0.11396, 134.46569,-445.79692,  -0.35367, 140.78009,-444.47025,   5.01567, 131.38501,-446.50746,  10.26229, 130.65827,-445.76790,  15.66576, 106.97943,-444.35521,  -0.63764,  93.15414,-438.03255,  -4.91927, 131.09727,-447.16412, -10.14707, 129.98330,-446.98615, -13.39953, 105.88711,-446.15514,   2.80669,  96.05593,-434.42410,   7.32271,  91.81141,-452.14728,   9.47302,  52.79863,-451.30364,  11.69780,  11.88200,-452.12998,  11.86187,   4.53784,-442.95393,  -5.60558,  91.78708,-452.67008,  -7.26785,  52.75191,-451.76073,  -8.12091,  11.80212,-453.24055, -10.09727,   4.31038,-444.40135
   2.80000,   0.00000,   0.00000,   0.00000,   0.84703,  93.98400,-452.22500,   0.78685, 109.70895,-451.64669,   0.64592, 118.67176,-450.91499,  -0.01304, 134.79811,-448.13605,  -0.23643, 141.18311,-447.20272,   5.10491, 131.65337,-448.61113,  10.34663, 130.94311,-447.82247,  15.84872, 107.50316,-444.33296,  -0.59749,  94.40671,-436.92211,  -4.82875, 131.36410,-449.28629, -10.05381, 130.24621,-449.05930, -13.56346, 106.38193,-445.88533,   2.76080,  97.56988,-433.52503,   7.31897,  91.80763,-452.03027,   9.50645,  52.82671,-450.28792,  11.69817,  12.01466,-453.34988,  11.96331,   4.57839,-444.25069,  -5.60815,  91.77838,-452.58089,  -7.77555,  52.79997,-450.75881,  -7.93950,  11.99353,-454.58124,  -9.93510,   4.50263,-445.74566
   2.83333,   0.00000,   0.00000,   0.00000,   0.84703,  93.98400,-452.22500,   0.81796, 109.71936,-452.32462,   0.69683, 118.70739,-452.02840,   0.08302, 134.97194,-450.21077,  -0.12118, 141.40006,-449.63911,   5.19182, 131.78793,-450.47700,  10.42736, 131.09053,-449.63743,  16.02879, 108.02794,-444.28752,  -0.55952,  95.68135,-435.96255,  -4.73993, 131.49162,-451.17668,  -9.96121, 130.36835,-450.89547, -13.70841, 106.93007,-445.55683,   2.73089,  99.11317,-432.68995,   7.31336,  91.80543,-451.90721,   9.60934,  52.85727,-449.64847,  11.87219,  12.21428,-454.42652,  12.13206,   4.72342,-445.37208,  -5.61121,  91.77768,-452.51503,  -8.06182,  52.83667,-450.29551,  -7.78001,  12.21422,-455.73061,  -9.77699,   4.72337,-446.89530
   2.86666,   0.00000,   0.00000,   0.00000,   0.84703,  93.98400,-452.22500,   0.85337, 109.70342,-452.94068,   0.75645, 118.69614,-453.03403,   0.20252, 135.03496,-452.05839,   0.00992, 141.48394,-451.80780,   5.29918, 131.82157,-452.14020,  10.52882, 131.13544,-451.25579,  16.21298, 108.53376,-444.27475,  -0.48404,  96.88902,-435.19043,  -4.63102, 131.52837,-452.86294,  -9.85052, 130.41028,-452.53249, -13.83192, 107.53561,-445.26661,   2.68499, 100.60411,-431.99797,   7.30713,  91.80623,-451.79486,   9.70734,  52.87837,-449.30616,  12.06700,  12.42310,-455.43849,  12.32875,   4.93222,-446.38410,  -5.61484,  91.78132,-452.45571,  -8.21816,  52.85912,-450.08531,  -7.59526,  12.42306,-456.74415,  -9.58853,   4.93215,-447.90804
   2.90000,   0.00000,   0.00000,   0.00000,   0.84703,  93.98400,-452.22500,   0.87433, 109.67404,-453.42250,   0.79930, 118.65823,-453.82985,   0.32211, 135.02642,-453.56437,   0.14614, 141.48068,-453.59338,   5.40341, 131.78847,-453.49619,  10.62891, 131.11753,-452.57639,  16.42477, 109.03229,-444.17812,  -0.24665,  97.98486,-434.33265,  -4.52671, 131.51112,-454.22628,  -9.74878, 130.41735,-453.85736, -14.00406, 108.18474,-444.94113,   2.48822, 101.98645,-431.28475,   7.30380,  91.81245,-451.71998,   9.80577,  52.89512,-449.16768,  12.27328,  12.60735,-456.28174,  12.53527,   5.11650,-447.22735,  -5.61736,  91.78328,-452.39632,  -8.34655,  52.87138,-449.99862,  -7.39264,  12.60728,-457.59438,  -9.38605,   5.11639,-448.75830
   2.93333,   0.00000,   0.00000,   0.00000,   0.84703,  93.98400,-452.22500,   0.90382, 109.63840,-453.82145,   0.85365, 118.60708,-454.49046,   0.45225, 134.97608,-454.82274,   0.29944, 141.42579,-455.08192,   5.51851, 131.71930,-454.63587,  10.74167, 131.05717,-453.69658,  16.68258, 109.51127,-444.08614,   0.19858,  98.96819,-433.40736,  -4.41283, 131.46144,-455.35639,  -9.63985, 130.40592,-454.94818, -14.24631, 108.78658,-444.78549,   2.08375, 103.22128,-430.66928,   7.29957,  91.81415,-451.66194,   9.87657,  52.89952,-449.14335,  12.46942,  12.75721,-456.99672,  12.73116,   5.26635,-447.94233,  -5.62134,  91.79152,-452.34319,  -8.34454,  52.87602,-449.99759,  -7.21128,  12.75714,-458.30389,  -9.20467,   5.26634,-449.46772
   2.96666,   0.00000,   0.00000,   0.00000,   0.84703,  93.98400,-452.22500,   0.92475, 109.60383,-454.12950,   0.89564, 118.55493,-455.00365,   0.56726, 134.90884,-455.81456,   0.44682, 141.34823,-456.27172,   5.61910, 131.63601,-455.53888,  10.84337, 130.98154,-454.60041,  17.08363, 109.99126,-444.00096,   0.93782,  99.82968,-432.46967,  -4.31430, 131.40215,-456.23886,  -9.54509, 130.38007,-455.79536, -14.62942, 109.31116,-444.74340,   1.41626, 104.33867,-430.09004,   7.29678,  91.81678,-451.62126,   9.94055,  52.90481,-449.13087,  12.65446,  12.88243,-457.53604,  12.91439,   5.39157,-448.48159,  -5.62438,  91.79852,-452.29802,  -8.31877,  52.87876,-449.99010,  -7.04360,  12.88244,-458.84848,  -9.03276,   5.39158,-450.01141
   3.00000,   0.00000,   0.00000,   0.00000,   0.84703,  93.98400,-452.22500,   0.93210, 109.58061,-454.31086,   0.91548, 118.51685,-455.32600,   0.64192, 134.84757,-456.52957,   0.54963, 141.27386,-457.14883,   5.68312, 131.56415,-456.19201,  10.91199, 130.91727,-455.27413,  17.60756, 110.43193,-443.98691,   2.11758, 100.39161,-431.49020,  -4.25338, 131.34929,-456.85295,  -9.48456, 130.34474,-456.37531, -15.20750, 109.74326,-444.76831,   0.37693, 105.31335,-429.45778,   7.29636,  91.81932,-451.60787,  10.01670,  52.91003,-449.15863,  12.79613,  12.96127,-457.88645,  13.05555,   5.47042,-448.83199,  -5.62602,  91.80245,-452.26088,  -8.30505,  52.87782,-450.01799,  -6.91459,  12.96119,-459.21209,  -8.90151,   5.47033,-450.37452
   3.03333,   0.00000,   0.00000,   0.00000,   0.84703,  93.98400,-452.22500,   0.93685, 109.56417,-454.43010,   0.93045, 118.48840,-455.54601,   0.70461, 134.79476,-457.05181,   0.63927, 141.20780,-457.79879,   5.73658, 131.50132,-456.67625,  10.97026, 130.85520,-455.78564,  18.12318, 110.74854,-444.10493,   3.48753, 100.74256,-430.59221,  -4.20352, 131.30748,-457.28775,  -9.43413, 130.31196,-456.78555, -15.89419, 110.08946,-444.90222,  -1.09345, 105.99799,-428.74335,   7.29628,  91.82050,-451.60292,  10.07511,  52.91463,-449.16496,  12.88374,  13.01474,-458.10441,  13.14690,   5.52389,-449.05006,  -5.62726,  91.80585,-452.23260,  -8.30057,  52.87875,-450.02619,  -6.82362,  13.01471,-459.43257,  -8.81076,   5.52378,-450.59511
   3.06666,   0.00000,   0.00000,   0.00000,   0.84703,  93.98400,-452.22500,   0.93178, 109.54795,-454.54199,   0.93028, 118.46186,-455.73753,   0.74262, 134.74878,-457.44546,   0.69965, 141.14981,-458.29057,   5.76703, 131.44716,-457.04148,  11.00556, 130.79385,-456.18528,  18.70737, 110.94555,-444.41208,   5.14084, 100.80592,-429.91889,  -4.17505, 131.27164,-457.62580,  -9.40566, 130.28291,-457.11039, -16.63002, 110.33140,-445.20907,  -2.89880, 106.30520,-428.11655,   7.29732,  91.82611,-451.59420,  10.10148,  52.92172,-449.16157,  12.94615,  13.05710,-458.24579,  13.20946,   5.56624,-449.19144,  -5.62688,  91.80476,-452.21013,  -8.29109,  52.87727,-449.99968,  -6.77422,  13.05713,-459.58398,  -8.75607,   5.56622,-450.74531
   3.10000,   0.00000,   0.00000,   0.00000,   0.84703,  93.98400,-452.22500,   0.92069, 109.53305,-454.64035,   0.91882, 118.43870,-455.89598,   0.75250, 134.71245,-457.72717,   0.72111, 141.10332,-458.64640,   5.77272, 131.40580,-457.31244,  11.01196, 130.73020,-456.47818,  19.25705, 110.96307,-444.93869,   6.92854, 100.63536,-429.50296,  -4.17126, 131.24207,-457.86702,  -9.40091, 130.25074,-457.34688, -17.40392, 110.46054,-445.67661,  -5.06223, 106.27451,-427.59151,   7.29951,  91.83255,-451.59463,  10.12012,  52.93425,-449.08490,  12.97384,  13.10046,-458.30056,  13.23677,   5.60960,-449.24621,  -5.62598,  91.80247,-452.18229,  -8.27890,  52.87957,-449.87930,  -6.74884,  13.10041,-459.63020,  -8.72927,   5.60957,-450.79115
   3.13333,   0.00000,   0.00000,   0.00000,   0.84703,  93.98400,-452.22500,   0.90794, 109.52441,-454.69569,   0.90120, 118.42552,-455.98307,   0.73491, 134.69262,-457.87243,   0.71208, 141.07547,-458.84607,   5.75523, 131.38553,-457.46250,  10.99466, 130.68754,-456.64805,  19.69823, 110.82224,-445.62541,   8.88030, 100.08813,-429.35683,  -4.19060, 131.22367,-457.98333,  -9.41795, 130.22136,-457.46108, -18.14909, 110.46351,-446.26779,  -7.48200, 105.78594,-427.26136,   7.30223,  91.83665,-451.60873,  10.10600,  52.94068,-449.04460,  12.93958,  13.11705,-458.31029,  13.20601,   5.62618,-449.25604,  -5.62515,  91.80079,-452.15278,  -8.26649,  52.87855,-449.82535,  -6.78263,  13.11693,-459.65464,  -8.75155,   5.62611,-450.81301
   3.16666,   0.00000,   0.00000,   0.00000,   0.84703,  93.98400,-452.22500,   0.88809, 109.52425,-454.69706,   0.87120, 118.42503,-455.98666,   0.69074, 134.69089,-457.88537,   0.66956, 141.06804,-458.89567,   5.71400, 131.38702,-457.48549,  10.95467, 130.67274,-456.69353,  19.98039, 110.54449,-446.43338,  10.93680,  99.15502,-429.53933,  -4.23296, 131.21896,-457.98239,  -9.45811, 130.20229,-457.46590, -18.78762, 110.32329,-446.99306, -10.11927, 104.77642,-427.21926,   7.30571,  91.84211,-451.62637,  10.07681,  52.94638,-449.02334,  12.88299,  13.12308,-458.29876,  13.15032,   5.63223,-449.24452,  -5.62310,  91.79537,-452.13475,  -8.25624,  52.87521,-449.76366,  -6.83640,  13.12312,-459.64081,  -8.80108,   5.63230,-450.79823
   3.20000,   0.00000,   0.00000,   0.00000,   0.84703,  93.98400,-452.22500,   0.87110, 109.52469,-454.69452,   0.84438, 118.42602,-455.98014,   0.64577, 134.69359,-457.86235,   0.62353, 141.06515,-458.90729,   5.67273, 131.39332,-457.47967,  10.91433, 130.66313,-456.70860,  20.09876, 110.14006,-447.41717,  13.06541,  97.88792,-430.17384,  -4.27543, 131.21785,-457.94911,  -9.49701, 130.18031,-457.43815, -19.25198, 110.04544,-447.88182, -12.86140, 103.26343,-427.63150,   7.30852,  91.84716,-451.63876,  10.03615,  52.94912,-449.02446,  12.80419,  13.12074,-458.28953,  13.07062,   5.62989,-449.23527,  -5.62117,  91.79019,-452.12307,  -8.27816,  52.87174,-449.75065,  -6.91851,  13.12077,-459.64077,  -8.87951,   5.62984,-450.79746
   3.23333,   0.00000,   0.00000,   0.00000,   0.84703,  93.98400,-452.22500,   0.85264, 109.52811,-454.67303,   0.81468, 118.43192,-455.94103,   0.59310, 134.70509,-457.77156,   0.56536, 141.07132,-458.84842,   5.62470, 131.40930,-457.41199,  10.86527, 130.65579,-456.65652,  20.11907, 109.66970,-448.54283,  15.14396,  96.43530,-431.30873,  -4.32442, 131.22410,-457.85679,  -9.54033, 130.15485,-457.35330, -19.54710, 109.64384,-448.92368, -15.61964, 101.39694,-428.58961,   7.31143,  91.85243,-451.65183,   9.97184,  52.95101,-449.01858,  12.69543,  13.11761,-458.27521,  12.96519,   5.62675,-449.22106,  -5.61894,  91.78397,-452.11599,  -8.32117,  52.86880,-449.74078,  -7.02179,  13.11754,-459.63783,  -8.98010,   5.62666,-450.79389
   3.26666,   0.00000,   0.00000,   0.00000,   0.84703,  93.98400,-452.22500,   0.83639, 109.53362,-454.63780,   0.78774, 118.44191,-455.87357,   0.54149, 134.72597,-457.60116,   0.50926, 141.08767,-458.70435,   5.57805, 131.43444,-457.27341,  10.81823, 130.65948,-456.53717,  20.03774, 109.18575,-449.77253,  17.06315,  94.85775,-432.95659,  -4.37178, 131.23928,-457.69747,  -9.57907, 130.12581,-457.20064, -19.71341, 109.17741,-450.10450, -18.20319,  99.34113,-430.15762,   7.31413,  91.85585,-451.66983,   9.92301,  52.95113,-449.03368,  12.60071,  13.11567,-458.29482,  12.87115,   5.62481,-449.24068,  -5.61711,  91.77902,-452.10781,  -8.35379,  52.86534,-449.74771,  -7.12013,  13.11564,-459.65945,  -9.07890,   5.62478,-450.81560
   3.30000,   0.00000,   0.00000,   0.00000,   0.84703,  93.98400,-452.22500,   0.82055, 109.54154,-454.58605,   0.75860, 118.45564,-455.77854,   0.47248, 134.75223,-457.37714,   0.42943, 141.11151,-458.49375,   5.51702, 131.46927,-457.08834,  10.75873, 130.68294,-456.37546,  19.84501, 108.75596,-451.03428,  18.66298,  93.21504,-435.09697,  -4.43344, 131.25564,-457.48824,  -9.63253, 130.09934,-457.00360, -19.80804, 108.72619,-451.38728, -20.46322,  97.25883,-432.28279,   7.31676,  91.85852,-451.69064,   9.86476,  52.94915,-449.06361,  12.50031,  13.11367,-458.33678,  12.76787,   5.62281,-449.28255,  -5.61533,  91.77414,-452.10142,  -8.37935,  52.86060,-449.77108,  -7.21682,  13.11384,-459.70318,  -9.18121,   5.62300,-450.86055
   3.33333,   0.00000,   0.00000,   0.00000,   0.84703,  93.98400,-452.22500,   0.80907, 109.55070,-454.52473,   0.73580, 118.47073,-455.67137,   0.41123, 134.77818,-457.14707,   0.35723, 141.13624,-458.27021,   5.46342, 131.50418,-456.89250,  10.70824, 130.71614,-456.20480,  19.63130, 108.42443,-452.28825,  19.95389,  91.62471,-437.63968,  -4.48729, 131.27181,-457.27508,  -9.68191, 130.08385,-456.81988, -19.82257, 108.35723,-452.69479, -22.27381,  95.16714,-434.89243,   7.31888,  91.85857,-451.71686,   9.81750,  52.94257,-449.14101,  12.41003,  13.10765,-458.42865,  12.67891,   5.61677,-449.37448,  -5.61425,  91.77154,-452.09229,  -8.38516,  52.85284,-449.85824,  -7.29985,  13.10783,-459.80606,  -9.26944,   5.61697,-450.96461
   3.36666,   0.00000,   0.00000,   0.00000,   0.84703,  93.98400,-452.22500,   0.79465, 109.55442,-454.49913,   0.71120, 118.47784,-455.61834,   0.35990, 134.79318,-456.99754,   0.29962, 141.15040,-458.12509,   5.41740, 131.52549,-456.76864,  10.66639, 130.73816,-456.11268,  19.40724, 108.18328,-453.51354,  20.93784,  90.16619,-440.47678,  -4.53343, 131.28013,-457.14003,  -9.72897, 130.08199,-456.72372, -19.72557, 108.07192,-453.98137, -23.62672,  93.08142,-437.95087,   7.32156,  91.86003,-451.74571,   9.77190,  52.93806,-449.21422,  12.31527,  13.12020,-458.58828,  12.58548,   5.62932,-449.53415,  -5.61292,  91.76904,-452.07057,  -8.41611,  52.84681,-449.94074,  -7.39636,  13.12035,-459.96928,  -9.36602,   5.62953,-451.12781
   3.40000,   0.00000,   0.00000,   0.00000,   0.84703,  93.98400,-452.22500,   0.77716, 109.55635,-454.48535,   0.68566, 118.48198,-455.58625,   0.32560, 134.80300,-456.89418,   0.25949, 141.16195,-458.01156,   5.38482, 131.53679,-456.68271,  10.63669, 130.74713,-456.05314,  19.14184, 108.00045,-454.59299,  21.71055,  88.86589,-443.44912,  -4.56612, 131.28822,-457.04887,  -9.76406, 130.08980,-456.66450, -19.50381, 107.84803,-455.13594, -24.50839,  91.06564,-441.34404,   7.32449,  91.86369,-451.76958,   9.75562,  52.93615,-449.30604,  12.27312,  13.13924,-458.77550,  12.54686,   5.64837,-449.72147,  -5.61096,  91.76484,-452.05054,  -8.42603,  52.83818,-450.01966,  -7.44949,  13.13906,-460.16015,  -9.42462,   5.64822,-451.31993
   3.43333,   0.00000,   0.00000,   0.00000,   0.84703,  93.98400,-452.22500,   0.76154, 109.56055,-454.45571,   0.66491, 118.48847,-455.53737,   0.30856, 134.81299,-456.80195,   0.24692, 141.17420,-457.90667,   5.36702, 131.54497,-456.60059,  10.61983, 130.74528,-455.99186,  18.82137, 107.84741,-455.44128,  22.28507,  87.76914,-446.39799,  -4.58409, 131.29985,-456.96454,  -9.78230, 130.09847,-456.59339, -19.14345, 107.64826,-456.09116, -24.95389,  89.25061,-444.92530,   7.32695,  91.86709,-451.78919,   9.74648,  52.93270,-449.42459,  12.25154,  13.15849,-458.99223,  12.52110,   5.66762,-449.93807,  -5.60907,  91.76027,-452.03918,  -8.43752,  52.82964,-450.10533,  -7.47285,  13.15843,-460.35559,  -9.45355,   5.66764,-451.51657
   3.46666,   0.00000,   0.00000,   0.00000,   0.84703,  93.98400,-452.22500,   0.75930, 109.57166,-454.37663,   0.66442, 118.50335,-455.42686,   0.32304, 134.82872,-456.68460,   0.27193, 141.19256,-457.77461,   5.37840, 131.55527,-456.49373,  10.63050, 130.74073,-455.89870,  18.44873, 107.70295,-456.02697,  22.68642,  86.91429,-449.18672,  -4.57361, 131.32082,-456.83956,  -9.76925, 130.11162,-456.45792, -18.66326, 107.46964,-456.82176, -25.02298,  87.80662,-448.46528,   7.32737,  91.86501,-451.80592,   9.74448,  52.92229,-449.58014,  12.24869,  13.15944,-459.19513,  12.52202,   5.66857,-450.14109,  -5.60887,  91.75925,-452.04450,  -8.44028,  52.82137,-450.26719,  -7.46663,  13.15953,-460.55277,  -9.45075,   5.66870,-451.71453
   3.50000,   0.00000,   0.00000,   0.00000,   0.84703,  93.98400,-452.22500,   0.75890, 109.58092,-454.30841,   0.66661, 118.51571,-455.33223,   0.34138, 134.84157,-456.58776,   0.29767, 141.20763,-457.66508,   5.39330, 131.56196,-456.41218,  10.64825, 130.74870,-455.84112,  18.02419, 107.57219,-456.41173,  22.89467,  86.32438,-451.75076,  -4.55998, 131.33965,-456.72841,  -9.75291, 130.12455,-456.32901, -18.14443, 107.32073,-457.53871, -24.76092,  86.84198,-451.72893,   7.32755,  91.86255,-451.82133,   9.75586,  52.91091,-449.77056,  12.28013,  13.15649,-459.41509,  12.55515,   5.66562,-450.36109,  -5.60893,  91.75913,-452.04809,  -8.42792,  52.81220,-450.45936,  -7.43329,  13.15650,-460.76659,  -9.41955,   5.66559,-451.92892
   3.53333,   0.00000,   0.00000,   0.00000,   0.84703,  93.98400,-452.22500,   0.76633, 109.58974,-454.24157,   0.68033, 118.52782,-455.23683,   0.37503, 134.85536,-456.47544,   0.33054, 141.22494,-457.53169,   5.42267, 131.56819,-456.31913,  10.68290, 130.76780,-455.77933,  17.62762, 107.47036,-456.71797,  22.88504,  85.98876,-453.92229,  -4.53188, 131.36075,-456.60390,  -9.72816, 130.15873,-456.20854, -17.58920, 107.22373,-458.22977, -24.21149,  86.26373,-454.52375,   7.32656,  91.85760,-451.83163,   9.78018,  52.90142,-449.90080,  12.32539,  13.16072,-459.59628,  12.60281,   5.66986,-450.54236,  -5.61002,  91.76163,-452.05642,  -8.41291,  52.80784,-450.61419,  -7.39072,  13.16078,-460.95193,  -9.37601,   5.66988,-452.11403
   3.56666,   0.00000,   0.00000,   0.00000,   0.84703,  93.98400,-452.22500,   0.77115, 109.59668,-454.18731,   0.69031, 118.53801,-455.15332,   0.40307, 134.86936,-456.34517,   0.36137, 141.24493,-457.36478,   5.44713, 131.57642,-456.19497,  10.71203, 130.79116,-455.67895,  17.30423, 107.41138,-457.02409,  22.69137,  85.82632,-455.61715,  -4.50744, 131.38033,-456.48692,  -9.71141, 130.20149,-456.12430, -17.04161, 107.17116,-458.91131, -23.54800,  85.96272,-456.72500,   7.32586,  91.85450,-451.83701,   9.80179,  52.89265,-450.05463,  12.38859,  13.15259,-459.74167,  12.66406,   5.66173,-450.68769,  -5.61066,  91.76280,-452.06616,  -8.36353,  52.80062,-450.76049,  -7.32901,  13.15260,-461.09332,  -9.31168,   5.66181,-452.25474
   3.60000,   0.00000,   0.00000,   0.00000,   0.84703,  93.98400,-452.22500,   0.77587, 109.60253,-454.14038,   0.70008, 118.54720,-455.07539,   0.43023, 134.88392,-456.19561,   0.39705, 141.26802,-457.16067,   5.47093, 131.58557,-456.05127,  10.73757, 130.80356,-455.54822,  17.07854, 107.38539,-457.35432,  22.41440,  85.75013,-456.75452,  -4.48330, 131.40020,-456.36121,  -9.69481, 130.23858,-456.05576, -16.53945, 107.15434,-459.54342, -22.86286,  85.81687,-458.26361,   7.32516,  91.85176,-451.84033,   9.82846,  52.88744,-450.15277,  12.44325,  13.14343,-459.81607,  12.72425,   5.65258,-450.76225,  -5.61128,  91.76390,-452.07592,  -8.31953,  52.79584,-450.85555,  -7.26865,  13.14341,-461.16981,  -9.25466,   5.65259,-452.33200
   3.63333,   0.00000,   0.00000,   0.00000,   0.84703,  93.98400,-452.22500,   0.77484, 109.61038,-454.07520,   0.70004, 118.55882,-454.97351,   0.43694, 134.89995,-456.02918,   0.41110, 141.29274,-456.93514,   5.47655, 131.60021,-455.87875,  10.74254, 130.81497,-455.37394,  16.92365, 107.39323,-457.63153,  22.10343,  85.71500,-457.25799,  -4.47645, 131.41773,-456.22761,  -9.69221, 130.25909,-455.99129, -16.13696, 107.15256,-460.04701, -22.25095,  85.73657,-459.10608,   7.32516,  91.85143,-451.84220,   9.86045,  52.88474,-450.26062,  12.49721,  13.12315,-459.84534,  12.77738,   5.63229,-450.79150,  -5.61099,  91.76204,-452.09222,  -8.29696,  52.79030,-450.94208,  -7.21393,  13.12314,-461.19621,  -9.20238,   5.63224,-452.35901
   3.66666,   0.00000,   0.00000,   0.00000,   0.84703,  93.98400,-452.22500,   0.78179, 109.61929,-453.99859,   0.70827, 118.57129,-454.86087,   0.43710, 134.91462,-455.87961,   0.42352, 141.31533,-456.72817,   5.47861, 131.61877,-455.70905,  10.74359, 130.82635,-455.20492,  16.84115, 107.41349,-457.76197,  21.81027,  85.69213,-457.12479,  -4.47214, 131.42876,-456.11339,  -9.68939, 130.26521,-455.94324, -15.84116, 107.15279,-460.40051, -21.75759,  85.68690,-459.34122,   7.32387,  91.84852,-451.83664,   9.88313,  52.88068,-450.32338,  12.53187,  13.09898,-459.82095,  12.81585,   5.60812,-450.76723,  -5.61164,  91.76247,-452.11913,  -8.28347,  52.78849,-451.01263,  -7.16866,  13.09909,-461.17688,  -9.15855,   5.60817,-452.34003
   3.70000,   0.00000,   0.00000,   0.00000,   0.84703,  93.98400,-452.22500,   0.78675, 109.62528,-453.94521,   0.71484, 118.57961,-454.78302,   0.44211, 134.92429,-455.77942,   0.43784, 141.33335,-456.56249,   5.48405, 131.63016,-455.58939,  10.74752, 130.82787,-455.08510,  16.82098, 107.42046,-457.74724,  21.54496,  85.67336,-456.45763,  -4.46457, 131.43687,-456.04184,  -9.68227, 130.26896,-455.92320, -15.65144, 107.14683,-460.57419, -21.39268,  85.65919,-459.08082,   7.32258,  91.84792,-451.81876,   9.90224,  52.87936,-450.35955,  12.55855,  13.07962,-459.77907,  12.84477,   5.58876,-450.72541,  -5.61172,  91.76140,-452.15188,  -8.29178,  52.78805,-451.04330,  -7.13777,  13.07950,-461.12806,  -9.13076,   5.58872,-452.29178
   3.73333,   0.00000,   0.00000,   0.00000,   0.84703,  93.98400,-452.22500,   0.79571, 109.63153,-453.88769,   0.72672, 118.58838,-454.69836,   0.45115, 134.93471,-455.66653,   0.45923, 141.35073,-456.39034,   5.49364, 131.64283,-455.45338,  10.75398, 130.81937,-454.95063,  16.87974, 107.42538,-457.61093,  21.34656,  85.70715,-455.31284,  -4.45210, 131.44525,-455.96365,  -9.66956, 130.27263,-455.88911, -15.55053, 107.13477,-460.57408, -21.17002,  85.67539,-458.37688,   7.32046,  91.84601,-451.79567,   9.89661,  52.87694,-450.34423,  12.57089,  13.05523,-459.66536,  12.85529,   5.56438,-450.61164,  -5.61210,  91.76157,-452.19099,  -8.28465,  52.78903,-451.03650,  -7.13410,  13.05513,-461.02130,  -9.12454,   5.56427,-452.18451
   3.76666,   0.00000,   0.00000,   0.00000,   0.84703,  93.98400,-452.22500,   0.81146, 109.63594,-453.84605,   0.74844, 118.59491,-454.63345,   0.47307, 134.94359,-455.56125,   0.49370, 141.36672,-456.21870,   5.51538, 131.65248,-455.33243,  10.77244, 130.79833,-454.84688,  17.01490, 107.42140,-457.38298,  21.15706,  85.79295,-453.92350,  -4.42776, 131.45363,-455.89065,  -9.64504, 130.27829,-455.85788, -15.52564, 107.11689,-460.42554, -21.08058,  85.74757,-457.35865,   7.31690,  91.84260,-451.76041,   9.87212,  52.87219,-450.30791,  12.55041,  13.02783,-459.53057,  12.83046,   5.53699,-450.47671,  -5.61293,  91.76375,-452.23786,  -8.28729,  52.79316,-451.02326,  -7.15034,  13.02782,-460.88368,  -9.14192,   5.53689,-452.04721
   3.80000,   0.00000,   0.00000,   0.00000,   0.84703,  93.98400,-452.22500,   0.82412, 109.63852,-453.82118,   0.76817, 118.59943,-454.58679,   0.50616, 134.95203,-455.44681,   0.53502, 141.38261,-456.02650,   5.54567, 131.65648,-455.22038,  10.80325, 130.78984,-454.76341,  17.11512, 107.40088,-456.99898,  20.94854,  85.89600,-452.55374,  -4.39632, 131.46690,-455.80187,  -9.61169, 130.28266,-455.80339, -15.61200, 107.11010,-460.15359, -21.11312,  85.89760,-456.06965,   7.31334,  91.84118,-451.71921,   9.83696,  52.86899,-450.25913,  12.51090,  12.99971,-459.37469,  12.79243,   5.50885,-450.32089,  -5.61290,  91.76445,-452.28599,  -8.30064,  52.79736,-450.99131,  -7.18571,  12.99954,-460.72238,  -9.18026,   5.50874,-451.88648
   3.83333,   0.00000,   0.00000,   0.00000,   0.84703,  93.98400,-452.22500,   0.84335, 109.63934,-453.81323,   0.79660, 118.60152,-454.56446,   0.54543, 134.95746,-455.36206,   0.58293, 141.39314,-455.88147,   5.58260, 131.65833,-455.13562,  10.83998, 130.78364,-454.69186,  17.16093, 107.37116,-456.63658,  20.72065,  86.03417,-451.25356,  -4.35798, 131.47637,-455.74294,  -9.57138, 130.28371,-455.76527, -15.73481, 107.09838,-459.80856, -21.20286,  86.11228,-454.65152,   7.30888,  91.83689,-451.68183,   9.80302,  52.86590,-450.14106,  12.47757,  12.98670,-459.21295,  12.75933,   5.49583,-450.15917,  -5.61380,  91.76852,-452.32558,  -8.33223,  52.80721,-450.92543,  -7.20971,  12.98672,-460.56242,  -9.20945,   5.49585,-451.72775
   3.86666,   0.00000,   0.00000,   0.00000,   0.84703,  93.98400,-452.22500,   0.85752, 109.63824,-453.82400,   0.81869, 118.60078,-454.57137,   0.58152, 134.95900,-455.32529,   0.62120, 141.39826,-455.79813,   5.61572, 131.65545,-455.09721,  10.87116, 130.77572,-454.64067,  17.18801, 107.34643,-456.38609,  20.45061,  86.20673,-450.11042,  -4.32370, 131.48267,-455.72585,  -9.53699, 130.28981,-455.76014, -15.87273, 107.08765,-459.42258, -21.30184,  86.37124,-453.23659,   7.30584,  91.83356,-451.65935,   9.78097,  52.86451,-450.04087,  12.45197,  12.97406,-459.06421,  12.73155,   5.48319,-450.01036,  -5.61471,  91.77215,-452.34506,  -8.34480,  52.81520,-450.84947,  -7.24339,  12.97401,-460.40298,  -9.23755,   5.48321,-451.56699
   3.90000,   0.00000,   0.00000,   0.00000,   0.84703,  93.98400,-452.22500,   0.86263, 109.63625,-453.84338,   0.82761, 118.59863,-454.59284,   0.60010, 134.95829,-455.31774,   0.63880, 141.39994,-455.75703,   5.63214, 131.65191,-455.08331,  10.88545, 130.76965,-454.60741,  17.23314, 107.33212,-456.11395,  20.18666,  86.38434,-449.08666,  -4.30579, 131.48506,-455.73660,  -9.52036, 130.29826,-455.78408, -16.00815, 107.07081,-458.99176, -21.40646,  86.64893,-451.87022,   7.30463,  91.83313,-451.64730,   9.77318,  52.86786,-449.93060,  12.43305,  12.96746,-458.91311,  12.71364,   5.47659,-449.85928,  -5.61492,  91.77314,-452.35172,  -8.34117,  52.82032,-450.74575,  -7.25473,  12.96751,-460.25242,  -9.25153,   5.47659,-451.41712
   3.93333,   0.00000,   0.00000,   0.00000,   0.84703,  93.98400,-452.22500,   0.86208, 109.63234,-453.88075,   0.83041, 118.59345,-454.64535,   0.62148, 134.95315,-455.37519,   0.66645, 141.39639,-455.78967,   5.64966, 131.64139,-455.13390,  10.90142, 130.76080,-454.63830,  17.31663, 107.32489,-455.85657,  19.94865,  86.55186,-448.21006,  -4.28768, 131.48511,-455.79883,  -9.50397, 130.30604,-455.84915, -16.11965, 107.05579,-458.59761, -21.51234,  86.94452,-450.63731,   7.30506,  91.83406,-451.64860,   9.76910,  52.87247,-449.84416,  12.43668,  12.96267,-458.78255,  12.71499,   5.47181,-449.72866,  -5.61520,  91.77330,-452.34000,  -8.32872,  52.82318,-450.64921,  -7.25875,  12.96259,-460.12505,  -9.25233,   5.47175,-451.28895
   3.96666,   0.00000,   0.00000,   0.00000,   0.84703,  93.98400,-452.22500,   0.86170, 109.62948,-453.90760,   0.83409, 118.58947,-454.68536,   0.64732, 134.94871,-455.43112,   0.70365, 141.39280,-455.83096,   5.67104, 131.63029,-455.18864,  10.92099, 130.74889,-454.67559,  17.40874, 107.31689,-455.53086,  19.77458,  86.69220,-447.41049,  -4.26677, 131.48701,-455.84937,  -9.48456, 130.31414,-455.88790, -16.20086, 107.04636,-458.21111, -21.55181,  87.22472,-449.52890,   7.30596,  91.83347,-451.66106,   9.78480,  52.87743,-449.75974,  12.44556,  12.95824,-458.65815,  12.72658,   5.46738,-449.60433,  -5.61599,  91.77469,-452.32005,  -8.31141,  52.82642,-450.55897,  -7.24077,  12.95828,-460.00292,  -9.23554,   5.46742,-451.16711
   4.00000,   0.00000,   0.00000,   0.00000,   0.84703,  93.98400,-452.22500,   0.86203, 109.62584,-453.94102,   0.83999, 118.58444,-454.73494,   0.68268, 134.94314,-455.49921,   0.75315, 141.38758,-455.89094,   5.70049, 131.61579,-455.25634,  10.94898, 130.72934,-454.73709,  17.48026, 107.29749,-455.15170,  19.71328,  86.79124,-446.70050,  -4.23801, 131.48997,-455.91020,  -9.45692, 130.32157,-455.92853, -16.28352, 107.04650,-457.81645, -21.54185,  87.44646,-448.59151,   7.30637,  91.83356,-451.66543,   9.79869,  52.88365,-449.65910,  12.45838,  12.95980,-458.53689,  12.73922,   5.46893,-449.48308,  -5.61650,  91.77561,-452.30637,  -8.29270,  52.83069,-450.44490,  -7.22283,  12.95986,-459.87757,  -9.21602,   5.46894,-451.04146
   4.03333,   0.00000,   0.00000,   0.00000,   0.84703,  93.98400,-452.22500,   0.86011, 109.62248,-453.97142,   0.84308, 118.57974,-454.78038,   0.71680, 134.93782,-455.56332,   0.79695, 141.38239,-455.95104,   5.72844, 131.60080,-455.32605,  10.97599, 130.70825,-454.80777,  17.51427, 107.27477,-454.75025,  19.74123,  86.85517,-446.09022,  -4.21151, 131.49397,-455.96103,  -9.43263, 130.33537,-455.95702, -16.32630, 107.05048,-457.43576, -21.48250,  87.61805,-447.80741,   7.30758,  91.83326,-451.68077,   9.81022,  52.88892,-449.58145,  12.47427,  12.95635,-458.41866,  12.75693,   5.46549,-449.36490,  -5.61717,  91.77684,-452.28256,  -8.26982,  52.83324,-450.36077,  -7.21008,  12.95635,-459.76897,  -9.20030,   5.46557,-450.93207
   4.06666,   0.00000,   0.00000,   0.00000,   0.84703,  93.98400,-452.22500,   0.86465, 109.61914,-454.00108,   0.85611, 118.57529,-454.82226,   0.76629, 134.93339,-455.60996,   0.85953, 141.37797,-455.99458,   5.77060, 131.58487,-455.37998,  11.01760, 130.68773,-454.86406,  17.53012, 107.25271,-454.34648,  19.82789,  86.88997,-445.57183,  -4.17061, 131.50081,-455.99845,  -9.39463, 130.35562,-455.97316, -16.34654, 107.06665,-457.06400, -21.38498,  87.72326,-447.19697,   7.30770,  91.83059,-451.69287,   9.82239,  52.89217,-449.49994,  12.50605,  12.95581,-458.31401,  12.78592,   5.46497,-449.26015,  -5.61855,  91.78045,-452.26220,  -8.25399,  52.83876,-450.27901,  -7.17930,  12.95568,-459.65922,  -9.17038,   5.46485,-450.82255
   4.10000,   0.00000,   0.00000,   0.00000,   0.84703,  93.98400,-452.22500,   0.86832, 109.61737,-454.01653,   0.86861, 118.57313,-454.84204,   0.81963, 134.93183,-455.62089,   0.92630, 141.37638,-456.00250,   5.81564, 131.57040,-455.39903,  11.06179, 130.66867,-454.88241,  17.55070, 107.23767,-454.00901,  19.97247,  86.93223,-445.13547,  -4.12652, 131.51208,-456.00496,  -9.35357, 130.38156,-455.95651, -16.33715, 107.08817,-456.69314, -21.25867,  87.76266,-446.73249,   7.30728,  91.82935,-451.69283,   9.83142,  52.89599,-449.42254,  12.51178,  12.94611,-458.17615,  12.79335,   5.45526,-449.12234,  -5.61916,  91.78217,-452.25793,  -8.25006,  52.84348,-450.21088,  -7.17248,  12.94606,-459.52955,  -9.16153,   5.45520,-450.69245
   4.13333,   0.00000,   0.00000,   0.00000,   0.84703,  93.98400,-452.22500,   0.87362, 109.61422,-454.04369,   0.88252, 118.56917,-454.87794,   0.86938, 134.92837,-455.64771,   0.98925, 141.37265,-456.02998,   5.85804, 131.55579,-455.42956,  11.10260, 130.64821,-454.90710,  17.58734, 107.22533,-453.81276,  20.11944,  86.97018,-444.85549,  -4.08445, 131.51977,-456.03185,  -9.31290, 130.39678,-455.96397, -16.31748, 107.10248,-456.41869, -21.10976,  87.75181,-446.44389,   7.30663,  91.82790,-451.69074,   9.83229,  52.89993,-449.33142,  12.52045,  12.94786,-458.07265,  12.80358,   5.45699,-449.01890,  -5.61998,  91.78450,-452.25245,  -8.24977,  52.84996,-450.12652,  -7.15596,  12.94790,-459.42341,  -9.14558,   5.45697,-450.58650
   4.16666,   0.00000,   0.00000,   0.00000,   0.84703,  93.98400,-452.22500,   0.87478, 109.61291,-454.05491,   0.88890, 118.56749,-454.89310,   0.90211, 134.92678,-455.66079,   1.03180, 141.37090,-456.04249,   5.88531, 131.54623,-455.44137,  11.12805, 130.63437,-454.90817,  17.63585, 107.22386,-453.69273,  20.28282,  87.00253,-444.69235,  -4.05701, 131.52613,-456.04706,  -9.28570, 130.40511,-455.96592, -16.29078, 107.10786,-456.21576, -20.96178,  87.70378,-446.28729,   7.30612,  91.82871,-451.68147,   9.82974,  52.90342,-449.27609,  12.52507,  12.94107,-457.96793,  12.80541,   5.45022,-448.91409,  -5.61980,  91.78406,-452.25860,  -8.24933,  52.85333,-450.06354,  -7.15656,  12.94097,-459.31621,  -9.14633,   5.45018,-450.47922
   4.20000,   0.00000,   0.00000,   0.00000,   0.84703,  93.98400,-452.22500,   0.88445, 109.60854,-454.09171,   0.90481, 118.56183,-454.94340,   0.93158, 134.92124,-455.70805,   1.06801, 141.36518,-456.09050,   5.91192, 131.53674,-455.48470,  11.15334, 130.62349,-454.94101,  17.72318, 107.23345,-453.66658,  20.43749,  87.00514,-444.70201,  -4.02986, 131.52457,-456.09948,  -9.25801, 130.40132,-456.01425, -16.24123, 107.09659,-456.15444, -20.78182,  87.62440,-446.29909,   7.30462,  91.82643,-451.67276,   9.82383,  52.90513,-449.19927,  12.52181,  12.94498,-457.90045,  12.80218,   5.45411,-448.84661,  -5.62100,  91.78755,-452.25705,  -8.25041,  52.85997,-450.00682,  -7.15076,  12.94494,-459.24716,  -9.13946,   5.45406,-450.41001
   4.23333,   0.00000,   0.00000,   0.00000,   0.84703,  93.98400,-452.22500,   0.88558, 109.60764,-454.09923,   0.90664, 118.56076,-454.95262,   0.93413, 134.92048,-455.71082,   1.06972, 141.36434,-456.09493,   5.91425, 131.53590,-455.48362,  11.15487, 130.62479,-454.92886,  17.79564, 107.25675,-453.61905,  20.54515,  86.97076,-444.79667,  -4.02689, 131.52394,-456.10874,  -9.25408, 130.39636,-456.02179, -16.18931, 107.07722,-456.14793, -20.63171,  87.52770,-446.40152,   7.30464,  91.82577,-451.67558,   9.82268,  52.90698,-449.16173,  12.52929,  12.93878,-457.82319,  12.81012,   5.44790,-448.76938,  -5.62133,  91.78847,-452.25213,  -8.24533,  52.86231,-449.97111,  -7.14652,  12.93874,-459.17456,  -9.13660,   5.44782,-450.33775
