time,joint_Root.x,joint_Root.y,joint_Root.z,Hips.x,Hips.y,Hips.z,Spine.x,Spine.y,Spine.z,Chest.x,Chest.y,Chest.z,Neck.x,Neck.y,Neck.z,Head.x,Head.y,Head.z,Shoulder_L.x,Shoulder_L.y,Shoulder_L.z,UpperArm_L.x,UpperArm_L.y,UpperArm_L.z,LowerArm_L.x,LowerArm_L.y,LowerArm_L.z,Hand_L.x,Hand_L.y,Hand_L.z,Shoulder_R.x,Shoulder_R.y,Shoulder_R.z,UpperArm_R.x,UpperArm_R.y,UpperArm_R.z,LowerArm_R.x,LowerArm_R.y,LowerArm_R.z,Hand_R.x,Hand_R.y,Hand_R.z,UpperLeg_L.x,UpperLeg_L.y,UpperLeg_L.z,LowerLeg_L.x,LowerLeg_L.y,LowerLeg_L.z,Foot_L.x,Foot_L.y,Foot_L.z,Toes_L.x,Toes_L.y,Toes_L.z,UpperLeg_R.x,UpperLeg_R.y,UpperLeg_R.z,LowerLeg_R.x,LowerLeg_R.y,LowerLeg_R.z,Foot_R.x,Foot_R.y,Foot_R.z,Toes_R.x,Toes_R.y,Toes_R.z
   0.00000,   0.00000,   0.00000,   0.00000,   0.00000,  93.92410,  -3.00000,   1.67188, 109.53743,  -4.02025,   2.27882, 118.50185,  -4.41773,   2.11405, 134.87828,  -4.45265,   1.13257, 141.23161,  -5.05366,   7.03932, 131.54251,  -5.41336,  12.37218, 131.65866,  -5.79958,  19.63628, 108.58477,  -8.38984,  27.32274,  88.46646,  -2.63768,  -2.81407, 131.44678,  -3.95773,  -7.97693, 130.91652,  -2.66694, -16.61848, 108.39865,  -5.85510, -23.94609,  87.87773,  -1.15307,   6.14111,  91.01215,  -3.68400,  20.32631,  54.77182,  -0.11310,  30.32926,  15.03907,  -1.13912,  37.81708,   7.54820,   3.95822,  -6.60701,  92.48516,  -2.03169,  -2.74978,  53.97232,   3.37352,   1.30243,  15.03897,  -8.77461,  -0.70938,   7.54815,   0.05737
   0.03333,   0.00000,   0.00000,   0.00000,   0.00000,  93.92410,  -3.00000,   1.71220, 109.53247,  -4.02921,   2.34621, 118.49470,  -4.43380,   2.24627, 134.87161,  -4.48721,   1.29542, 141.22935,  -5.09077,   7.15934, 131.51531,  -5.43880,  12.49303, 131.60413,  -5.82083,  19.66583, 108.50535,  -8.44335,  27.30139,  88.34990,  -2.75372,  -2.69592, 131.46017,  -3.99385,  -7.85716, 130.94535,  -2.69038, -16.58874, 108.43687,  -5.69430, -23.99484,  87.92225,  -1.08876,   6.13703,  90.99723,  -3.65649,  20.54131,  54.85898,   0.06857,  30.28540,  15.07024,  -1.23983,  37.77383,   7.57937,   3.85663,  -6.61415,  92.50146,  -2.05670,  -2.80678,  53.98321,   3.34536,   1.23264,  15.07038,  -8.87258,  -0.77931,   7.57944,  -0.04073
   0.06667,   0.00000,   0.00000,   0.00000,   0.00000,  93.92410,  -3.00000,   1.74098, 109.52967,  -4.02344,   2.39849, 118.49018,  -4.42850,   2.36719, 134.86731,  -4.49602,   1.44391, 141.22830,  -5.10808,   7.26742, 131.48966,  -5.43827,  12.60197, 131.55146,  -5.81345,  19.65491, 108.42720,  -8.53469,  27.20446,  88.21741,  -2.92359,  -2.58988, 131.47702,  -4.00627,  -7.75045, 130.97768,  -2.69413, -16.57039, 108.46803,  -5.41803, -24.09582,  87.96004,  -0.97942,   6.13375,  90.98699,  -3.64123,  20.67652,  54.91263,   0.16413,  30.24192,  15.08736,  -1.33704,  37.73151,   7.59656,   3.75782,  -6.61890,  92.51248,  -2.07358,  -2.86562,  53.98333,   3.28848,   1.17539,  15.08716,  -8.98185,  -0.84130,   7.59632,  -0.15100
   0.10000,   0.00000,   0.00000,   0.00000,   0.00000,  93.92410,  -3.00000,   1.76526, 109.52797,  -4.00762,   2.44249, 118.48715,  -4.40975,   2.46838, 134.86421,  -4.49434,   1.57062, 141.22757,  -5.11952,   7.35804, 131.46851,  -5.42658,  12.69310, 131.50219,  -5.79821,  19.61655, 108.35541,  -8.65708,  27.06638,  88.07246,  -3.17828,  -2.50113, 131.49173,  -4.00763,  -7.66089, 131.00885,  -2.68620, -16.56023, 108.49146,  -5.06613, -24.19243,  87.98492,  -0.80673,   6.13065,  90.97868,  -3.63269,  20.80316,  54.96357,   0.23532,  30.20886,  15.10748,  -1.44615,  37.69736,   7.61667,   3.65030,  -6.62256,  92.52126,  -2.08652,  -2.90347,  53.98442,   3.24395,   1.13686,  15.10726,  -9.08672,  -0.88096,   7.61641,  -0.25614
   0.13333,   0.00000,   0.00000,   0.00000,   0.00000,  93.92410,  -3.00000,   1.77263, 109.52704,  -4.00904,   2.46331, 118.48503,  -4.41483,   2.54813, 134.86180,  -4.51554,   1.67269, 141.22782,  -5.14531,   7.42464, 131.44759,  -5.44901,  12.75963, 131.45441,  -5.82309,  19.53976, 108.28107,  -8.80752,  26.88682,  87.91024,  -3.51927,  -2.43304, 131.50773,  -4.02087,  -7.58975, 131.04208,  -2.68146, -16.54336, 108.50598,  -4.64427, -24.28612,  88.00690,  -0.55183,   6.13030,  90.97614,  -3.62420,  20.87759,  54.99208,   0.24837,  30.20039,  15.12258,  -1.57133,  37.68908,   7.63176,   3.52482,  -6.62427,  92.52406,  -2.09462,  -2.92782,  53.97852,   3.18851,   1.10969,  15.12233,  -9.20899,  -0.90616,   7.63151,  -0.37794
   0.16667,   0.00000,   0.00000,   0.00000,   0.00000,  93.92410,  -3.00000,   1.78069, 109.52570,  -4.01556,   2.48554, 118.48240,  -4.42544,   2.63161, 134.85868,  -4.53436,   1.77651, 141.22680,  -5.17085,   7.49487, 131.42578,  -5.46844,  12.82937, 131.40744,  -5.84902,  19.46067, 108.20660,  -8.95187,  26.69849,  87.73015,  -3.92749,  -2.36184, 131.52353,  -4.03566,  -7.51320, 131.07038,  -2.67161, -16.50122, 108.50879,  -4.11578, -24.35087,  88.02742,  -0.13994,   6.12981,  90.97314,  -3.61469,  20.95404,  55.02407,   0.28902,  30.18462,  15.13944,  -1.66445,  37.67624,   7.64857,   3.42731,  -6.62603,  92.52744,  -2.10230,  -2.94921,  53.97535,   3.14666,   1.09497,  15.13959,  -9.31251,  -0.92464,   7.64871,  -0.48237
   0.20000,   0.00000,   0.00000,   0.00000,   0.00000,  93.92410,  -3.00000,   1.79527, 109.52327,  -4.02715,   2.51369, 118.47866,  -4.44207,   2.70438, 134.85447,  -4.55325,   1.86649, 141.22533,  -5.18512,   7.55694, 131.40817,  -5.49359,  12.89067, 131.36963,  -5.88332,  19.39285, 108.14367,  -9.07038,  26.52727,  87.55379,  -4.37229,  -2.29748, 131.53304,  -4.04725,  -7.44087, 131.09468,  -2.64872, -16.43316, 108.50277,  -3.44836, -24.35640,  88.03343,   0.44260,   6.12787,  90.96730,  -3.60588,  21.05630,  55.06552,   0.33581,  30.19394,  15.16639,  -1.75370,  37.68548,   7.67555,   3.33823,  -6.62815,  92.53396,  -2.10789,  -2.97155,  53.97690,   3.11863,   1.10269,  15.16636,  -9.40917,  -0.91810,   7.67551,  -0.57928
   0.23333,   0.00000,   0.00000,   0.00000,   0.00000,  93.92410,  -3.00000,   1.80918, 109.52021,  -4.04905,   2.53802, 118.47421,  -4.47542,   2.75777, 134.84955,  -4.60209,   1.92929, 141.22123,  -5.23814,   7.60271, 131.39371,  -5.54675,  12.93558, 131.33941,  -5.94629,  19.31404, 108.09021,  -9.21286,  26.33132,  87.38584,  -4.85368,  -2.24922, 131.53753,  -4.08527,  -7.38274, 131.11657,  -2.64574, -16.34275, 108.49770,  -2.62082, -24.30040,  88.02966,   1.20617,   6.12615,  90.96138,  -3.59428,  21.14300,  55.09681,   0.35028,  30.21854,  15.18940,  -1.84888,  37.70824,   7.69849,   3.24565,  -6.63031,  92.54073,  -2.11339,  -3.00259,  53.97732,   3.08630,   1.11495,  15.18941,  -9.49730,  -0.90698,   7.69863,  -0.66760
   0.26667,   0.00000,   0.00000,   0.00000,   0.00000,  93.92410,  -3.00000,   1.82623, 109.51673,  -4.07094,   2.56563, 118.46934,  -4.50821,   2.80842, 134.84426,  -4.64689,   1.97937, 141.21590,  -5.28251,   7.64643, 131.38086,  -5.59932,  12.97843, 131.31044,  -6.00781,  19.24477, 108.04261,  -9.35775,  26.15994,  87.23758,  -5.32702,  -2.20218, 131.53974,  -4.11718,  -7.32243, 131.13705,  -2.62607, -16.21538, 108.51295,  -1.64588, -24.15422,  88.05539,   2.27509,   6.12387,  90.95428,  -3.58226,  21.25036,  55.13906,   0.39165,  30.24291,  15.21963,  -1.92698,  37.73492,   7.72878,   3.16422,  -6.63277,  92.54880,  -2.11930,  -3.00984,  53.98273,   3.06399,   1.14110,  15.21956,  -9.58469,  -0.87861,   7.72872,  -0.75454
   0.30000,   0.00000,   0.00000,   0.00000,   0.00000,  93.92410,  -3.00000,   1.83555, 109.51412,  -4.09290,   2.58096, 118.46567,  -4.54144,   2.83916, 134.84023,  -4.69345,   2.00188, 141.21074,  -5.32966,   7.67065, 131.37141,  -5.65916,  13.00094, 131.28708,  -6.08691,  19.16527, 108.00360,  -9.51645,  25.97547,  87.11149,  -5.76730,  -2.17286, 131.54099,  -4.14471,  -7.27534, 131.15207,  -2.59036, -16.04902, 108.54381,  -0.64498, -23.88782,  88.13489,   3.70706,   6.12304,  90.95024,  -3.57020,  21.32501,  55.16841,   0.41645,  30.26139,  15.24267,  -2.00830,  37.75511,   7.75179,   3.08036,  -6.63455,  92.55357,  -2.12525,  -3.00891,  53.98535,   3.04012,   1.15938,  15.24269,  -9.66559,  -0.86156,   7.75188,  -0.83569
   0.33333,   0.00000,   0.00000,   0.00000,   0.00000,  93.92410,  -3.00000,   1.84282, 109.51171,  -4.11470,   2.59385, 118.46219,  -4.57521,   2.86924, 134.83630,  -4.74407,   2.01156, 141.20371,  -5.38420,   7.69197, 131.36125,  -5.73094,  13.01966, 131.26411,  -6.18743,  19.08811, 107.96659,  -9.69175,  25.82798,  87.01119,  -6.17600,  -2.14356, 131.54311,  -4.16683,  -7.22568, 131.16672,  -2.54422, -15.83811, 108.60522,   0.40545, -23.51352,  88.30445,   5.49245,   6.12221,  90.94685,  -3.56145,  21.38318,  55.19078,   0.43085,  30.28165,  15.26366,  -2.10793,  37.77407,   7.77284,   2.98273,  -6.63573,  92.55762,  -2.12792,  -2.98037,  53.98663,   2.99567,   1.19898,  15.26363,  -9.76619,  -0.82426,   7.77269,  -0.93692
   0.36667,   0.00000,   0.00000,   0.00000,   0.00000,  93.92410,  -3.00000,   1.85123, 109.50914,  -4.13660,   2.60568, 118.45865,  -4.61006,   2.88385, 134.83248,  -4.80020,   2.00089, 141.19672,  -5.43744,   7.70024, 131.35512,  -5.80959,  13.02459, 131.24482,  -6.30078,  18.98988, 107.93471,  -9.89727,  25.70108,  86.94497,  -6.53483,  -2.12643, 131.54116,  -4.19121,  -7.18738, 131.17005,  -2.50256, -15.62072, 108.70585,   1.51412, -23.07170,  88.60660,   7.63081,   6.12135,  90.94313,  -3.55093,  21.42169,  55.20510,   0.45219,  30.29785,  15.27938,  -2.18471,  37.79101,   7.78849,   2.90477,  -6.63723,  92.56206,  -2.13234,  -2.96432,  53.98843,   2.95870,   1.20956,  15.27942,  -9.84735,  -0.80847,   7.78866,  -1.01674
   0.40000,   0.00000,   0.00000,   0.00000,   0.00000,  93.92410,  -3.00000,   1.85768, 109.50683,  -4.15750,   2.61249, 118.45551,  -4.64582,   2.88168, 134.82907,  -4.86967,   1.95456, 141.18720,  -5.50520,   7.69441, 131.35202,  -5.89744,  13.01566, 131.23405,  -6.41942,  18.88497, 107.91395, -10.10792,  25.58998,  86.90717,  -6.84095,  -2.12373, 131.53656,  -4.22794,  -7.16100, 131.16460,  -2.47011, -15.39461, 108.84845,   2.63800, -22.56638,  89.08114,  10.03598,   6.12106,  90.94035,  -3.53896,  21.44257,  55.20950,   0.44731,  30.31840,  15.28919,  -2.27146,  37.81001,   7.79830,   2.82029,  -6.63873,  92.56549,  -2.13848,  -2.96114,  53.98612,   2.90546,   1.22971,  15.28925,  -9.93167,  -0.78845,   7.79845,  -1.10113
   0.43333,   0.00000,   0.00000,   0.00000,   0.00000,  93.92410,  -3.00000,   1.86263, 109.50577,  -4.16375,   2.61721, 118.45389,  -4.66265,   2.87587, 134.82701,  -4.92754,   1.90278, 141.17852,  -5.56043,   7.68566, 131.35020,  -5.96979,  13.00394, 131.23194,  -6.52117,  18.80953, 107.90859, -10.28915,  25.51777,  86.89323,  -7.08458,  -2.12452, 131.53324,  -4.25397,  -7.13883, 131.15546,  -2.43286, -15.17424, 109.07749,   3.88304, -22.04002,  89.77403,  12.66646,   6.12117,  90.93874,  -3.52866,  21.45490,  55.21189,   0.44641,  30.32940,  15.29581,  -2.33802,  37.82193,   7.80497,   2.75243,  -6.64022,  92.56739,  -2.14704,  -2.96201,  53.98297,   2.85766,   1.24535,  15.29567, -10.00290,  -0.77259,   7.80482,  -1.17235
   0.46667,   0.00000,   0.00000,   0.00000,   0.00000,  93.92410,  -3.00000,   1.86206, 109.50422,  -4.18529,   2.60875, 118.45196,  -4.70251,   2.82641, 134.82476,  -5.01857,   1.80020, 141.16782,  -5.65243,   7.63994, 131.35641,  -6.07166,  12.95628, 131.25027,  -6.64378,  18.73243, 107.93229, -10.48943,  25.44638,  86.91488,  -7.31034,  -2.16290, 131.52099,  -4.31261,  -7.15684, 131.14514,  -2.43597, -14.98375, 109.39142,   5.14099, -21.49599,  90.72854,  15.44628,   6.12200,  90.93862,  -3.51833,  21.46183,  55.21386,   0.45198,  30.33961,  15.30356,  -2.40393,  37.83036,   7.81275,   2.68921,  -6.64089,  92.56794,  -2.15137,  -2.94832,  53.98101,   2.82332,   1.26056,  15.30335, -10.06572,  -0.75840,   7.81256,  -1.23535
   0.50000,   0.00000,   0.00000,   0.00000,   0.00000,  93.92410,  -3.00000,   1.86062, 109.50164,  -4.22095,   2.59778, 118.44880,  -4.76126,   2.76745, 134.82117,  -5.12558,   1.68668, 141.15403,  -5.77063,   7.58664, 131.36348,  -6.18778,  12.90138, 131.27280,  -6.77722,  18.69696, 107.96759, -10.67075,  25.46182,  86.96163,  -7.52407,  -2.20957, 131.50529,  -4.39021,  -7.18457, 131.13843,  -2.46218, -14.76957, 109.79580,   6.41788, -20.85648,  91.93827,  18.29093,   6.12231,  90.93803,  -3.51116,  21.46613,  55.21620,   0.47013,  30.34569,  15.31155,  -2.45825,  37.83828,   7.82070,   2.63211,  -6.64080,  92.56926,  -2.14860,  -2.94050,  53.97879,   2.79282,   1.25991,  15.31154, -10.13014,  -0.75289,   7.82061,  -1.29849
   0.53333,   0.00000,   0.00000,   0.00000,   0.00000,  93.92410,  -3.00000,   1.85371, 109.49977,  -4.25480,   2.57754, 118.44667,  -4.81707,   2.68906, 134.81843,  -5.22817,   1.56049, 141.14246,  -5.87797,   7.51787, 131.37459,  -6.29172,  12.83185, 131.30115,  -6.89028,  18.68641, 108.01469, -10.80763,  25.53466,  87.03128,  -7.69103,  -2.27461, 131.48729,  -4.47189,  -7.23418, 131.12845,  -2.50302, -14.54904, 110.30557,   7.73396, -20.19805,  93.44119,  21.17242,   6.12350,  90.93956,  -3.50586,  21.46307,  55.21793,   0.49352,  30.34724,  15.31909,  -2.49931,  37.83854,   7.82818,   2.59286,  -6.64007,  92.56824,  -2.14447,  -2.92864,  53.97789,   2.78950,   1.26251,  15.31922, -10.16211,  -0.75110,   7.82844,  -1.33050
   0.56667,   0.00000,   0.00000,   0.00000,   0.00000,  93.92410,  -3.00000,   1.84709, 109.49727,  -4.29491,   2.55865, 118.44370,  -4.87996,   2.61716, 134.81472,  -5.32960,   1.44658, 141.13026,  -5.98760,   7.45459, 131.38375,  -6.39557,  12.76773, 131.32779,  -7.00348,  18.72426, 108.06773, -10.92397,  25.68855,  87.11844,  -7.83506,  -2.33423, 131.46961,  -4.55476,  -7.28124, 131.12802,  -2.55152, -14.28961, 110.91192,   9.02809, -19.47350,  95.21964,  23.98772,   6.12429,  90.94058,  -3.50234,  21.47075,  55.22521,   0.52634,  30.35877,  15.33066,  -2.51197,  37.85072,   7.83975,   2.57924,  -6.63901,  92.56792,  -2.13682,  -2.91552,  53.97867,   2.79669,   1.28397,  15.33092, -10.18477,  -0.72798,   7.84006,  -1.35286
   0.60000,   0.00000,   0.00000,   0.00000,   0.00000,  93.92410,  -3.00000,   1.83881, 109.49339,  -4.35207,   2.54007, 118.43869,  -4.96617,   2.56088, 134.80873,  -5.45315,   1.34955, 141.11675,  -6.10957,   7.40175, 131.38595,  -6.52975,  12.71345, 131.34560,  -7.15132,  18.79436, 108.11259, -11.04113,  25.90532,  87.21225,  -7.95480,  -2.38017, 131.45455,  -4.65187,  -7.31320, 131.13774,  -2.61047, -14.02875, 111.61124,  10.25469, -18.75156,  97.20243,  26.59459,   6.12448,  90.94114,  -3.50331,  21.48298,  55.23204,   0.53507,  30.39033,  15.34430,  -2.53578,  37.88115,   7.85339,   2.55711,  -6.63690,  92.56844,  -2.11991,  -2.89063,  53.98084,   2.80929,   1.30034,  15.34447, -10.20875,  -0.70846,   7.85359,  -1.37614
   0.63333,   0.00000,   0.00000,   0.00000,   0.00000,  93.92410,  -3.00000,   1.83244, 109.49042,  -4.39427,   2.52672, 118.43468,  -5.03098,   2.52317, 134.80372,  -5.55108,   1.28135, 141.10588,  -6.20675,   7.36357, 131.38526,  -6.64340,  12.67290, 131.35337,  -7.28533,  18.89302, 108.15115, -11.13861,  26.16316,  87.31366,  -7.99860,  -2.40955, 131.44455,  -4.71994,  -7.32591, 131.15919,  -2.63415, -13.77312, 112.41402,  11.47073, -18.04680,  99.34959,  29.01972,   6.12421,  90.94134,  -3.50784,  21.51719,  55.25178,   0.57174,  30.40851,  15.36314,  -2.53377,  37.89983,   7.87230,   2.55849,  -6.63484,  92.56906,  -2.10363,  -2.84660,  53.98803,   2.84479,   1.32863,  15.36309, -10.21220,  -0.68001,   7.87223,  -1.37954
   0.66667,   0.00000,   0.00000,   0.00000,   0.00000,  93.92410,  -3.00000,   1.82413, 109.48777,  -4.43424,   2.51479, 118.43066,  -5.09360,   2.51016, 134.79844,  -5.65215,   1.23947, 141.09452,  -6.31082,   7.34168, 131.37650,  -6.77257,  12.64698, 131.34672,  -7.44712,  19.00505, 108.17320, -11.24762,  26.44719,  87.41007,  -8.01922,  -2.41678, 131.44216,  -4.77627,  -7.31532, 131.19003,  -2.64478, -13.52570, 113.25477,  12.57537, -17.37528, 101.58077,  31.17133,   6.12253,  90.94123,  -3.52705,  21.54917,  55.26909,   0.57775,  30.43903,  15.38048,  -2.53228,  37.93066,   7.88960,   2.55945,  -6.63085,  92.56992,  -2.07328,  -2.81281,  53.99329,   2.88655,   1.35273,  15.38057, -10.20961,  -0.65299,   7.88963,  -1.37636
   0.70000,   0.00000,   0.00000,   0.00000,   0.00000,  93.92410,  -3.00000,   1.81702, 109.48536,  -4.46898,   2.50525, 118.42703,  -5.14727,   2.50349, 134.79378,  -5.73495,   1.20916, 141.08480,  -6.39603,   7.32405, 131.36758,  -6.88904,  12.62359, 131.33620,  -7.60735,  19.10287, 108.18867, -11.36125,  26.72731,  87.51487,  -7.98828,  -2.41760, 131.44139,  -4.81253,  -7.29736, 131.22827,  -2.63422, -13.29242, 114.13890,  13.61103, -16.76011, 103.78122,  33.04308,   6.11988,  90.94033,  -3.55208,  21.57073,  55.28196,   0.58116,  30.47376,  15.39542,  -2.51785,  37.96520,   7.90457,   2.57420,  -6.62622,  92.57149,  -2.03856,  -2.75946,  54.00041,   2.92673,   1.39994,  15.39548, -10.19430,  -0.60681,   7.90455,  -1.36127
   0.73333,   0.00000,   0.00000,   0.00000,   0.00000,  93.92410,  -3.00000,   1.81585, 109.48333,  -4.49170,   2.50692, 118.42371,  -5.18399,   2.52436, 134.78945,  -5.79894,   1.21006, 141.07647,  -6.45865,   7.32792, 131.35389,  -6.99529,  12.62066, 131.31751,  -7.76185,  19.18071, 108.18824, -11.48785,  26.98017,  87.61057,  -7.93207,  -2.39242, 131.44621,  -4.82193,  -7.25388, 131.27500,  -2.59945, -13.08045, 115.04772,  14.56510, -16.22247, 105.92012,  34.65803,   6.11497,  90.93686,  -3.58666,  21.60404,  55.29959,   0.58542,  30.51105,  15.41331,  -2.50538,  38.00270,   7.92249,   2.58641,  -6.62098,  92.57553,  -1.99765,  -2.70659,  54.00949,   2.96950,   1.42965,  15.41319, -10.18420,  -0.57357,   7.92228,  -1.35034
   0.76667,   0.00000,   0.00000,   0.00000,   0.00000,  93.92410,  -3.00000,   1.80140, 109.48115,  -4.53142,   2.49228, 118.42005,  -5.24279,   2.54047, 134.78493,  -5.87851,   1.21179, 141.06923,  -6.53536,   7.32443, 131.33706,  -7.11724,  12.60984, 131.29209,  -7.93239,  19.21394, 108.17680, -11.66738,  27.16850,  87.69568,  -7.90386,  -2.37405, 131.45401,  -4.84946,  -7.21529, 131.32514,  -2.58048, -12.89658, 115.92245,  15.37434, -15.80869, 107.93851,  35.98229,   6.11190,  90.93757,  -3.62128,  21.61976,  55.31096,   0.57196,  30.54233,  15.42589,  -2.48942,  38.03442,   7.93501,   2.60164,  -6.61388,  92.57542,  -1.95197,  -2.65490,  54.01347,   3.01153,   1.45744,  15.42618, -10.17605,  -0.54285,   7.93532,  -1.34149
   0.80000,   0.00000,   0.00000,   0.00000,   0.00000,  93.92410,  -3.00000,   1.79530, 109.47995,  -4.55065,   2.48948, 118.41778,  -5.27208,   2.56959, 134.78197,  -5.92249,   1.22747, 141.06299,  -6.58333,   7.33415, 131.32199,  -7.20158,  12.61235, 131.26964,  -8.06180,  19.21944, 108.16113, -11.83328,  27.29835,  87.76491,  -7.87843,  -2.34305, 131.46329,  -4.84597,  -7.16846, 131.37584,  -2.54157, -12.75101, 116.78619,  16.10977, -15.45611, 109.84022,  37.11803,   6.10686,  90.93565,  -3.66037,  21.63081,  55.31891,   0.55713,  30.57610,  15.43585,  -2.46383,  38.06871,   7.94498,   2.62648,  -6.60715,  92.57768,  -1.90752,  -2.60683,  54.01951,   3.05227,   1.49201,  15.43586, -10.15017,  -0.50889,   7.94502,  -1.31573
   0.83333,   0.00000,   0.00000,   0.00000,   0.00000,  93.92410,  -3.00000,   1.78013, 109.47948,  -4.57277,   2.47592, 118.41622,  -5.30602,   2.59786, 134.77939,  -5.97516,   1.24268, 141.05788,  -6.63342,   7.34084, 131.30415,  -7.29252,  12.61231, 131.24088,  -8.19233,  19.19708, 108.13212, -12.00112,  27.35845,  87.79562,  -7.91040,  -2.31469, 131.47623,  -4.85158,  -7.12360, 131.43286,  -2.51170, -12.63469, 117.58402,  16.71675, -15.16592, 111.56938,  38.03172,   6.10402,  90.93750,  -3.69409,  21.63685,  55.32533,   0.52929,  30.59470,  15.44235,  -2.45532,  38.08607,   7.95151,   2.63686,  -6.60008,  92.57596,  -1.86764,  -2.56210,  54.02127,   3.08860,   1.50613,  15.44228, -10.13692,  -0.49294,   7.95147,  -1.30204
   0.86667,   0.00000,   0.00000,   0.00000,   0.00000,  93.92410,  -3.00000,   1.77028, 109.47927,  -4.58590,   2.46995, 118.41509,  -5.32664,   2.63422, 134.77731,  -6.00984,   1.26781, 141.05235,  -6.67772,   7.35717, 131.28731,  -7.35973,  12.62116, 131.21269,  -8.30147,  19.16646, 108.09546, -12.12685,  27.35172,  87.78123,  -7.97362,  -2.27935, 131.48927,  -4.84700,  -7.07423, 131.48092,  -2.47812, -12.59007, 118.32764,  17.23132, -14.97374, 113.17674,  38.78816,   6.10055,  90.93791,  -3.72564,  21.62871,  55.32384,   0.49892,  30.60634,  15.44119,  -2.43007,  38.09923,   7.95036,   2.65988,  -6.59387,  92.57561,  -1.83242,  -2.53253,  54.02170,   3.11087,   1.51869,  15.44119, -10.11543,  -0.47997,   7.95033,  -1.28050
   0.90000,   0.00000,   0.00000,   0.00000,   0.00000,  93.92410,  -3.00000,   1.75979, 109.47876,  -4.60251,   2.46268, 118.41363,  -5.35160,   2.66765, 134.77489,  -6.04673,   1.29301, 141.04748,  -6.72069,   7.37192, 131.27096,  -7.42546,  12.63067, 131.18376,  -8.39496,  19.11898, 108.05302, -12.23574,  27.27465,  87.72104,  -8.11130,  -2.24720, 131.50122,  -4.84929,  -7.03119, 131.52385,  -2.45860, -12.55627, 118.97824,  17.64057, -14.81460, 114.59979,  39.38086,   6.09757,  90.93865,  -3.75322,  21.63541,  55.33156,   0.49449,  30.61429,  15.44752,  -2.41176,  38.10467,   7.95667,   2.68186,  -6.58796,  92.57501,  -1.80021,  -2.50540,  54.02432,   3.15064,   1.52130,  15.44749, -10.09386,  -0.47484,   7.95659,  -1.25839
   0.93333,   0.00000,   0.00000,   0.00000,   0.00000,  93.92410,  -3.00000,   1.75320, 109.47759,  -4.62095,   2.45777, 118.41175,  -5.37695,   2.68605, 134.77270,  -6.07198,   1.30838, 141.04343,  -6.75694,   7.37937, 131.26138,  -7.46913,  12.63515, 131.17074,  -8.45434,  19.04866, 108.02536, -12.33235,  27.13151,  87.64313,  -8.31390,  -2.22932, 131.50678,  -4.85568,  -7.00700, 131.54867,  -2.45266, -12.56763, 119.54439,  17.96478, -14.71544, 115.93346,  39.85677,   6.09531,  90.93853,  -3.77085,  21.62876,  55.33131,   0.49182,  30.61253,  15.44587,  -2.37983,  38.10435,   7.95506,   2.71172,  -6.58386,  92.57545,  -1.77745,  -2.49742,  54.02529,   3.17428,   1.51229,  15.44578, -10.06757,  -0.48246,   7.95486,  -1.23181
   0.96667,   0.00000,   0.00000,   0.00000,   0.00000,  93.92410,  -3.00000,   1.75873, 109.47603,  -4.62993,   2.46769, 118.40955,  -5.38934,   2.70965, 134.77029,  -6.08463,   1.33113, 141.04022,  -6.77520,   7.39631, 131.25461,  -7.49308,  12.65057, 131.16467,  -8.48639,  18.96857, 108.00114, -12.41253,  26.96117,  87.54696,  -8.58370,  -2.20585, 131.50895,  -4.85660,  -6.98275, 131.56831,  -2.45239, -12.57514, 120.02461,  18.22038, -14.63451, 117.09878,  40.22287,   6.09182,  90.93469,  -3.78345,  21.65558,  55.34765,   0.53677,  30.60638,  15.45538,  -2.34298,  38.09631,   7.96445,   2.75119,  -6.58192,  92.57973,  -1.76234,  -2.49312,  54.03330,   3.21649,   1.51712,  15.45550, -10.03019,  -0.47945,   7.96466,  -1.19478
   1.00000,   0.00000,   0.00000,   0.00000,   0.00000,  93.92410,  -3.00000,   1.76295, 109.47485,  -4.63661,   2.47667, 118.40779,  -5.39836,   2.73553, 134.76830,  -6.09303,   1.35972, 141.03910,  -6.78110,   7.41751, 131.24771,  -7.50478,  12.67127, 131.15403,  -8.50042,  18.88025, 107.96995, -12.47889,  26.75904,  87.42788,  -8.89233,  -2.18261, 131.51212,  -4.86187,  -6.96226, 131.58849,  -2.46363, -12.59847, 120.43049,  18.40806, -14.60797, 118.09636,  40.48576,   6.08982,  90.93211,  -3.78913,  21.65203,  55.34748,   0.55649,  30.59286,  15.45207,  -2.31063,  38.08359,   7.96126,   2.78253,  -6.58109,  92.58264,  -1.75481,  -2.48882,  54.03851,   3.23888,   1.49264,  15.45187,  -9.99074,  -0.50499,   7.96108,  -1.15552
   1.03333,   0.00000,   0.00000,   0.00000,   0.00000,  93.92410,  -3.00000,   1.76747, 109.47417,  -4.63817,   2.48922, 118.40636,  -5.40116,   2.78270, 134.76610,  -6.10038,   1.41405, 141.03770,  -6.79536,   7.45751, 131.23524,  -7.51028,  12.71123, 131.13177,  -8.50517,  18.81894, 107.92949, -12.53395,  26.55518,  87.28938,  -9.20951,  -2.14251, 131.52064,  -4.86922,  -6.92712, 131.61502,  -2.48152, -12.62044, 120.75968,  18.53379, -14.57851, 118.94221,  40.66462,   6.08942,  90.93050,  -3.78607,  21.66546,  55.35714,   0.60206,  30.57508,  15.45572,  -2.27862,  38.06524,   7.96489,   2.81536,  -6.58195,  92.58444,  -1.75743,  -2.50183,  54.04297,   3.26664,   1.48292,  15.45568,  -9.96007,  -0.51492,   7.96476,  -1.12500
   1.06667,   0.00000,   0.00000,   0.00000,   0.00000,  93.92410,  -3.00000,   1.77308, 109.47262,  -4.64681,   2.50222, 118.40376,  -5.41510,   2.82446, 134.76245,  -6.12603,   1.46379, 141.03515,  -6.82678,   7.49536, 131.22263,  -7.52636,  12.74991, 131.10774,  -8.51561,  18.75571, 107.88823, -12.59793,  26.34056,  87.14986,  -9.54739,  -2.10807, 131.52625,  -4.89977,  -6.90059, 131.64169,  -2.52891, -12.64625, 121.03687,  18.59976, -14.57621, 119.56971,  40.75904,   6.09014,  90.92877,  -3.77388,  21.66683,  55.35767,   0.63015,  30.55240,  15.45157,  -2.25995,  38.04378,   7.96077,   2.83229,  -6.58423,  92.58660,  -1.76721,  -2.52498,  54.04470,   3.27053,   1.44967,  15.45145,  -9.94180,  -0.54684,   7.96059,  -1.10637
   1.10000,   0.00000,   0.00000,   0.00000,   0.00000,  93.92410,  -3.00000,   1.77602, 109.47196,  -4.64986,   2.51274, 118.40209,  -5.42260,   2.86963, 134.75922,  -6.15259,   1.52090, 141.03382,  -6.85938,   7.53629, 131.20827,  -7.53880,  12.79252, 131.08121,  -8.51758,  18.69721, 107.84351, -12.64366,  26.13765,  87.01519,  -9.86224,  -2.07202, 131.53451,  -4.93283,  -6.87228, 131.66848,  -2.57869, -12.66891, 121.24943,  18.62834, -14.59842, 120.02416,  40.80234,   6.09195,  90.92870,  -3.75916,  21.66391,  55.35948,   0.67679,  30.52109,  15.44838,  -2.23127,  38.01247,   7.95751,   2.86086,  -6.58686,  92.58686,  -1.78109,  -2.55221,  54.04583,   3.28300,   1.42657,  15.44837,  -9.91580,  -0.57213,   7.95749,  -1.08090
   1.13333,   0.00000,   0.00000,   0.00000,   0.00000,  93.92410,  -3.00000,   1.77911, 109.47011,  -4.66391,   2.52192, 118.39901,  -5.44502,   2.90599, 134.75474,  -6.19240,   1.57141, 141.03118,  -6.90958,   7.57003, 131.19495,  -7.56470,  12.82794, 131.05933,  -8.53324,  18.63169, 107.80293, -12.69699,  25.93575,  86.89625, -10.15202,  -2.04330, 131.53912,  -4.97962,  -6.85077, 131.68776,  -2.64112, -12.71011, 121.40398,  18.61464, -14.62463, 120.31024,  40.79683,   6.09348,  90.92792,  -3.74369,  21.66508,  55.36181,   0.71831,  30.49888,  15.44728,  -2.21371,  37.99047,   7.95641,   2.87811,  -6.58925,  92.58815,  -1.79263,  -2.58435,  54.04674,   3.29209,   1.39836,  15.44716,  -9.89933,  -0.60176,   7.95633,  -1.06471
   1.16667,   0.00000,   0.00000,   0.00000,   0.00000,  93.92410,  -3.00000,   1.78980, 109.46793,  -4.67275,   2.54115, 118.39567,  -5.45901,   2.94945, 134.75032,  -6.21694,   1.62827, 141.02848,  -6.94392,   7.61122, 131.18310,  -7.57761,  12.87083, 131.03989,  -8.53574,  18.58816, 107.76875, -12.73659,  25.77354,  86.79814, -10.38728,  -2.00668, 131.54243,  -5.01166,  -6.82005, 131.70465,  -2.68622, -12.74041, 121.47421,  18.57837, -14.64546, 120.47563,  40.76585,   6.09275,  90.92403,  -3.73389,  21.67479,  55.36690,   0.76310,  30.48425,  15.44900,  -2.19629,  37.97544,   7.95817,   2.89617,  -6.59150,  92.59265,  -1.79998,  -2.59052,  54.05359,   3.30560,   1.38672,  15.44877,  -9.87213,  -0.61496,   7.95801,  -1.03779
   1.20000,   0.00000,   0.00000,   0.00000,   0.00000,  93.92410,  -3.00000,   1.79480, 109.46533,  -4.69147,   2.55322, 118.39168,  -5.48655,   2.98962, 134.74515,  -6.25451,   1.68262, 141.02555,  -6.98767,   7.64712, 131.16931,  -7.60714,  12.90774, 131.01925,  -8.55870,  18.54455, 107.73438, -12.79216,  25.64296,  86.72024, -10.57091,  -1.97331, 131.54626,  -5.05327,  -6.79163, 131.71931,  -2.73889, -12.77536, 121.45064,  18.48951, -14.70913, 120.54958,  40.67868,   6.09279,  90.92174,  -3.72415,  21.69103,  55.37665,   0.81172,  30.46902,  15.45407,  -2.17780,  37.95920,   7.96322,   2.91612,  -6.59293,  92.59567,  -1.80450,  -2.61565,  54.05593,   3.31451,   1.36559,  15.45402,  -9.87051,  -0.63261,   7.96318,  -1.03546
   1.23333,   0.00000,   0.00000,   0.00000,   0.00000,  93.92410,  -3.00000,   1.80259, 109.46330,  -4.70178,   2.56801, 118.38858,  -5.50219,   3.02655, 134.74103,  -6.27882,   1.73409, 141.02357,  -7.01945,   7.68086, 131.15837,  -7.62437,  12.94237, 131.00123,  -8.56981,  18.51190, 107.70829, -12.84768,  25.55369,  86.67140, -10.66184,  -1.94185, 131.54929,  -5.08120,  -6.76316, 131.72630,  -2.77336, -12.82002, 121.42631,  18.41910, -14.77293, 120.56560,  40.60820,   6.09131,  90.91822,  -3.72200,  21.70490,  55.38381,   0.84460,  30.46712,  15.45910,  -2.16276,  37.95914,   7.96824,   2.92843,  -6.59362,  92.59975,  -1.80377,  -2.61341,  54.06251,   3.33170,   1.37419,  15.45929,  -9.84759,  -0.62674,   7.96835,  -1.01325
   1.26667,   0.00000,   0.00000,   0.00000,   0.00000,  93.92410,  -3.00000,   1.81513, 109.46120,  -4.70761,   2.58811, 118.38563,  -5.51030,   3.06167, 134.73762,  -6.28760,   1.78057, 141.02135,  -7.03772,   7.71405, 131.15079,  -7.62873,  12.97609, 130.99197,  -8.57096,  18.49724, 107.69391, -12.88351,  25.52186,  86.65311, -10.68016,  -1.91060, 131.55030,  -5.09424,  -6.73405, 131.73302,  -2.79132, -12.85479, 121.38972,  18.36165, -14.80835, 120.54108,  40.55116,   6.08906,  90.91314,  -3.71974,  21.73363,  55.39930,   0.90059,  30.46492,  15.47030,  -2.13950,  37.95736,   7.97939,   2.95102,  -6.59488,  92.60542,  -1.80441,  -2.61487,  54.07129,   3.35452,   1.37561,  15.47048,  -9.83095,  -0.62825,   7.97957,  -0.99724
   1.30000,   0.00000,   0.00000,   0.00000,   0.00000,  93.92410,  -3.00000,   1.82614, 109.45964,  -4.71006,   2.60700, 118.38319,  -5.51483,   3.10050, 134.73426,  -6.29909,   1.82963, 141.01881,  -7.05976,   7.74875, 131.14123,  -7.63790,  13.01105, 130.98024,  -8.57832,  18.49922, 107.67784, -12.90947,  25.52844,  86.64480, -10.64746,  -1.87583, 131.55349,  -5.10517,  -6.69979, 131.74525,  -2.80407, -12.87497, 121.33628,  18.30081, -14.86586, 120.45248,  40.48563,   6.08643,  90.90843,  -3.72231,  21.75226,  55.40785,   0.92775,  30.47442,  15.47804,  -2.12797,  37.96590,   7.98715,   2.96395,  -6.59531,  92.61056,  -1.80116,  -2.61102,  54.07913,   3.37462,   1.37929,  15.47839,  -9.81109,  -0.62193,   7.98743,  -0.97683
   1.33333,   0.00000,   0.00000,   0.00000,   0.00000,  93.92410,  -3.00000,   1.83229, 109.45900,  -4.70932,   2.61805, 118.38196,  -5.51594,   3.12456, 134.73204,  -6.31222,   1.86073, 141.01669,  -7.08367,   7.77047, 131.13439,  -7.64676,  13.03354, 130.97401,  -8.58291,  18.51424, 107.66755, -12.90168,  25.55822,  86.64888, -10.55363,  -1.85465, 131.55604,  -5.11764,  -6.67948, 131.75381,  -2.81885, -12.88978, 121.30212,  18.25458, -14.93440, 120.36830,  40.43246,   6.08522,  90.90604,  -3.72257,  21.74559,  55.40518,   0.94365,  30.46902,  15.47536,  -2.10831,  37.96171,   7.98453,   2.98194,  -6.59581,  92.61312,  -1.80111,  -2.61993,  54.08137,   3.37873,   1.37054,  15.47535,  -9.79147,  -0.62982,   7.98443,  -0.95698
   1.36667,   0.00000,   0.00000,   0.00000,   0.00000,  93.92410,  -3.00000,   1.83801, 109.45793,  -4.71295,   2.62822, 118.38026,  -5.52208,   3.14719, 134.72963,  -6.32503,   1.88709, 141.01358,  -7.10822,   7.79154, 131.12804,  -7.65436,  13.05550, 130.96938,  -8.58580,  18.56044, 107.66322, -12.87529,  25.63251,  86.66719, -10.41197,  -1.83525, 131.55775,  -5.13299,  -6.66053, 131.76084,  -2.83560, -12.89503, 121.27055,  18.21149, -14.97430, 120.31479,  40.38522,   6.08446,  90.90383,  -3.71968,  21.74535,  55.40515,   0.96140,  30.46321,  15.47370,  -2.08507,  37.95545,   7.98290,   3.00588,  -6.59665,  92.61563,  -1.80298,  -2.62672,  54.08382,   3.38095,   1.37616,  15.47359,  -9.77315,  -0.62441,   7.98269,  -0.93869
   1.40000,   0.00000,   0.00000,   0.00000,   0.00000,  93.92410,  -3.00000,   1.83401, 109.45791,  -4.71737,   2.62539, 118.37978,  -5.53050,   3.15901, 134.72802,  -6.34659,   1.90627, 141.01223,  -7.13947,   7.80013, 131.12121,  -7.67303,  13.06508, 130.96536,  -8.59937,  18.60940, 107.65943, -12.83904,  25.72234,  86.69142, -10.25752,  -1.82627, 131.56157,  -5.15201,  -6.65213, 131.77243,  -2.85655, -12.90409, 121.23515,  18.16187, -15.02090, 120.25195,  40.33085,   6.08569,  90.90545,  -3.71607,  21.72348,  55.39423,   0.94713,  30.45712,  15.46448,  -2.07641,  37.95010,   7.97369,   3.01345,  -6.59676,  92.61402,  -1.80536,  -2.63044,  54.08219,   3.38116,   1.35052,  15.46425,  -9.75695,  -0.64933,   7.97335,  -0.92233
   1.43333,   0.00000,   0.00000,   0.00000,   0.00000,  93.92410,  -3.00000,   1.83537, 109.45799,  -4.71520,   2.62761, 118.37978,  -5.52833,   3.16256, 134.72774,  -6.34933,   1.91131, 141.01039,  -7.15669,   7.80517, 131.12037,  -7.66905,  13.07116, 130.96773,  -8.58995,  18.66839, 107.66408, -12.77222,  25.84138,  86.73499, -10.04514,  -1.82421, 131.56180,  -5.15958,  -6.65203, 131.77479,  -2.86846, -12.92907, 121.22169,  18.13455, -15.04330, 120.24134,  40.30389,   6.08585,  90.90525,  -3.71387,  21.72618,  55.39788,   0.97003,  30.44454,  15.46492,  -2.05510,  37.93618,   7.97409,   3.03670,  -6.59730,  92.61419,  -1.80816,  -2.64711,  54.08266,   3.39289,   1.34782,  15.46470,  -9.74091,  -0.65253,   7.97391,  -0.90630
   1.46667,   0.00000,   0.00000,   0.00000,   0.00000,  93.92410,  -3.00000,   1.83381, 109.45769,  -4.71962,   2.62495, 118.37924,  -5.53639,   3.15677, 134.72675,  -6.36831,   1.90950, 141.00905,  -7.18458,   7.80140, 131.11956,  -7.68139,  13.06881, 130.97066,  -8.59477,  18.72444, 107.66927, -12.71061,  25.95495,  86.78052,  -9.83047,  -1.83030, 131.56046,  -5.18078,  -6.65845, 131.77578,  -2.89056, -12.95363, 121.19518,  18.09318, -15.07952, 120.24564,  40.26275,   6.08647,  90.90584,  -3.71108,  21.70773,  55.38864,   0.96193,  30.43578,  15.45656,  -2.04689,  37.92657,   7.96564,   3.04603,  -6.59749,  92.61369,  -1.80972,  -2.65049,  54.08157,   3.38943,   1.33402,  15.45679,  -9.72746,  -0.66770,   7.96593,  -0.89322
   1.50000,   0.00000,   0.00000,   0.00000,   0.00000,  93.92410,  -3.00000,   1.84033, 109.45783,  -4.71131,   2.63473, 118.37929,  -5.52602,   3.17014, 134.72636,  -6.36415,   1.92203, 141.00683,  -7.19310,   7.81504, 131.11779,  -7.67247,  13.08358, 130.97452,  -8.58021,  18.80588, 107.67860, -12.63434,  26.10160,  86.83806,  -9.57495,  -1.81836, 131.56146,  -5.17890,  -6.64825, 131.77503,  -2.89219, -12.97478, 121.19395,  18.08187, -15.09301, 120.25730,  40.25272,   6.08545,  90.90381,  -3.71117,  21.71261,  55.39279,   0.98904,  30.42471,  15.45742,  -2.02243,  37.91617,   7.96654,   3.06955,  -6.59828,  92.61569,  -1.81195,  -2.65318,  54.08586,   3.40556,   1.32099,  15.45767,  -9.70446,  -0.67900,   7.96678,  -0.86986
   1.53333,   0.00000,   0.00000,   0.00000,   0.00000,  93.92410,  -3.00000,   1.84238, 109.45750,  -4.71214,   2.63765, 118.37868,  -5.52898,   3.17275, 134.72526,  -6.37689,   1.92222, 141.00426,  -7.21325,   7.81829, 131.11608,  -7.68122,  13.08821, 130.98053,  -8.58211,  18.86865, 107.68889, -12.57796,  26.23009,  86.89691,  -9.35021,  -1.81609, 131.56089,  -5.19161,  -6.64637, 131.77800,  -2.90608, -13.00565, 121.18760,  18.05336, -15.13607, 120.27349,  40.22399,   6.08530,  90.90310,  -3.70948,  21.71024,  55.39319,   1.00644,  30.40856,  15.45482,  -2.00496,  37.90009,   7.96392,   3.08690,  -6.59870,  92.61648,  -1.81341,  -2.67091,  54.08547,   3.40840,   1.31130,  15.45496,  -9.69231,  -0.69035,   7.96411,  -0.85805
   1.56667,   0.00000,   0.00000,   0.00000,   0.00000,  93.92410,  -3.00000,   1.84646, 109.45718,  -4.71067,   2.64379, 118.37810,  -5.52829,   3.18192, 134.72418,  -6.38390,   1.93192, 141.00197,  -7.23014,   7.82769, 131.11364,  -7.68368,  13.09853, 130.98412,  -8.58003,  18.94516, 107.69854, -12.51444,  26.36663,  86.95514,  -9.11615,  -1.80810, 131.56116,  -5.20005,  -6.63970, 131.78113,  -2.91756, -13.02038, 121.19320,  18.03663, -15.17845, 120.29191,  40.20511,   6.08466,  90.90166,  -3.70881,  21.69738,  55.38510,   0.99751,  30.40309,  15.44746,  -2.00229,  37.89310,   7.95656,   3.09180,  -6.59920,  92.61802,  -1.81449,  -2.67114,  54.08605,   3.40009,   1.30057,  15.44769,  -9.68064,  -0.69860,   7.95676,  -0.84589
   1.60000,   0.00000,   0.00000,   0.00000,   0.00000,  93.92410,  -3.00000,   1.84729, 109.45691,  -4.71215,   2.64597, 118.37748,  -5.53239,   3.18929, 134.72279,  -6.39931,   1.93596, 140.99871,  -7.25440,   7.83475, 131.10999,  -7.69388,  13.10656, 130.98452,  -8.58514,  19.02221, 107.70583, -12.45666,  26.49911,  87.00719,  -8.91012,  -1.80232, 131.56205,  -5.21606,  -6.63538, 131.78723,  -2.93718, -13.03947, 121.21288,  18.01673, -15.23217, 120.30212,  40.18142,   6.08520,  90.90166,  -3.70417,  21.70394,  55.39063,   1.02379,  30.39100,  15.44981,  -1.98769,  37.88071,   7.95893,   3.10687,  -6.59997,  92.61809,  -1.81871,  -2.68995,  54.08707,   3.41642,   1.28500,  15.44985,  -9.66671,  -0.71479,   7.95904,  -0.83200
   1.63333,   0.00000,   0.00000,   0.00000,   0.00000,  93.92410,  -3.00000,   1.84872, 109.45699,  -4.70992,   2.64778, 118.37734,  -5.53211,   3.18966, 134.72187,  -6.41444,   1.93857, 140.99646,  -7.28255,   7.83659, 131.10843,  -7.70192,  13.10951, 130.98815,  -8.58730,  19.08799, 107.71607, -12.40162,  26.62473,  87.06038,  -8.73345,  -1.80245, 131.56163,  -5.23200,  -6.63662, 131.79239,  -2.95602, -13.05730, 121.22421,  17.99592, -15.27692, 120.32654,  40.15847,   6.08538,  90.90146,  -3.70173,  21.69235,  55.38553,   1.02836,  30.37853,  15.44402,  -1.97634,  37.86733,   7.95313,   3.11956,  -6.60055,  92.61826,  -1.82177,  -2.69405,  54.08722,   3.41579,   1.27675,  15.44419,  -9.65140,  -0.72333,   7.95326,  -0.81685
   1.66667,   0.00000,   0.00000,   0.00000,   0.00000,  93.92410,  -3.00000,   1.85280, 109.45617,  -4.71291,   2.65301, 118.37607,  -5.53891,   3.19203, 134.71991,  -6.43570,   1.94182, 140.99385,  -7.30970,   7.84021, 131.10623,  -7.71800,  13.11441, 130.99268,  -8.59662,  19.14980, 107.72669, -12.35808,  26.72859,  87.10304,  -8.59740,  -1.79996, 131.55975,  -5.25249,  -6.63606, 131.79382,  -2.98096, -13.07739, 121.23557,  17.96965, -15.32607, 120.36819,  40.13047,   6.08497,  90.89994,  -3.69879,  21.70596,  55.39323,   1.05411,  30.37163,  15.44791,  -1.95934,  37.86445,   7.95704,   3.13065,  -6.60128,  92.62001,  -1.82388,  -2.69895,  54.09004,   3.42466,   1.26611,  15.44797,  -9.64713,  -0.73446,   7.95717,  -0.81258
   1.70000,   0.00000,   0.00000,   0.00000,   0.00000,  93.92410,  -3.00000,   1.85101, 109.45634,  -4.71336,   2.64986, 118.37616,  -5.54149,   3.18472, 134.71953,  -6.44936,   1.93640, 140.99345,  -7.32620,   7.83580, 131.10645,  -7.72280,  13.11124, 130.99602,  -8.59434,  19.20162, 107.73906, -12.32288,  26.81227,  87.14224,  -8.48043,  -1.80781, 131.55857,  -5.27056,  -6.64591, 131.79685,  -3.00373, -13.12211, 121.25335,  17.94356, -15.37519, 120.40283,  40.10459,   6.08570,  90.90085,  -3.69629,  21.68554,  55.38362,   1.04757,  30.35697,  15.43907,  -1.95939,  37.84712,   7.94819,   3.13452,  -6.60151,  92.61906,  -1.82625,  -2.70011,  54.08798,   3.41486,   1.25999,  15.43922,  -9.63862,  -0.74313,   7.94833,  -0.80473
   1.73333,   0.00000,   0.00000,   0.00000,   0.00000,  93.92410,  -3.00000,   1.85109, 109.45694,  -4.70783,   2.65053, 118.37670,  -5.53595,   3.18758, 134.71935,  -6.45541,   1.94123, 140.99294,  -7.33744,   7.83858, 131.10481,  -7.72499,  13.11513, 130.99896,  -8.59041,  19.23886, 107.74695, -12.29511,  26.86508,  87.16527,  -8.40275,  -1.80564, 131.55984,  -5.27571,  -6.64505, 131.80327,  -3.01223, -13.15736, 121.25482,  17.92137, -15.41932, 120.46217,  40.08364,   6.08590,  90.90119,  -3.69601,  21.69251,  55.38994,   1.07026,  30.34791,  15.44243,  -1.94359,  37.83864,   7.95151,   3.14942,  -6.60173,  92.61855,  -1.82808,  -2.70886,  54.08968,   3.43548,   1.24881,  15.44253,  -9.62355,  -0.75166,   7.95173,  -0.78898
   1.76666,   0.00000,   0.00000,   0.00000,   0.00000,  93.92410,  -3.00000,   1.85396, 109.45612,  -4.71215,   2.65480, 118.37547,  -5.54336,   3.19375, 134.71759,  -6.47113,   1.95244, 140.99276,  -7.34900,   7.84552, 131.10204,  -7.73503,  13.12360, 130.99988,  -8.59146,  19.26925, 107.75251, -12.28897,  26.90198,  87.17587,  -8.38272,  -1.80065, 131.55906,  -5.29377,  -6.64248, 131.80445,  -3.03570, -13.19609, 121.26794,  17.89102, -15.46262, 120.52989,  40.05471,   6.08548,  90.89995,  -3.69428,  21.68228,  55.38363,   1.06629,  30.34568,  15.43698,  -1.93608,  37.83776,   7.94608,   3.15495,  -6.60212,  92.62002,  -1.82860,  -2.70691,  54.08989,   3.42408,   1.23553,  15.43713,  -9.62291,  -0.76286,   7.94620,  -0.78797
   1.80000,   0.00000,   0.00000,   0.00000,   0.00000,  93.92410,  -3.00000,   1.85370, 109.45673,  -4.70692,   2.65541, 118.37607,  -5.53744,   3.19899, 134.71760,  -6.47276,   1.96356, 140.99433,  -7.34777,   7.85129, 131.10038,  -7.72993,  13.13061, 130.99976,  -8.57886,  19.28166, 107.75466, -12.28163,  26.90786,  87.17362,  -8.38580,  -1.79736, 131.56077,  -5.29913,  -6.64074, 131.80991,  -3.04479, -13.23851, 121.29551,  17.87917, -15.51794, 120.60114,  40.04295,   6.08597,  90.90054,  -3.69253,  21.66523,  55.37578,   1.06255,  30.34564,  15.43178,  -1.92586,  37.83554,   7.94090,   3.16841,  -6.60254,  92.61926,  -1.83181,  -2.72798,  54.08782,   3.42649,   1.23337,  15.43194,  -9.60552,  -0.76892,   7.94103,  -0.77146
   1.83333,   0.00000,   0.00000,   0.00000,   0.00000,  93.92410,  -3.00000,   1.86193, 109.45647,  -4.70028,   2.66801, 118.37560,  -5.52885,   3.21780, 134.71674,  -6.46736,   1.98420, 140.99366,  -7.34355,   7.86951, 131.09764,  -7.72123,  13.14972, 130.99827,  -8.56481,  19.29624, 107.75332, -12.27608,  26.90514,  87.15952,  -8.41404,  -1.78029, 131.56190,  -5.29577,  -6.62475, 131.81845,  -3.04458, -13.25559, 121.32525,  17.87957, -15.56309, 120.65970,  40.04132,   6.08483,  90.89787,  -3.69096,  21.66929,  55.37856,   1.08772,  30.33212,  15.43129,  -1.90798,  37.82233,   7.94046,   3.18590,  -6.60368,  92.62200,  -1.83523,  -2.72855,  54.09157,   3.43003,   1.22816,  15.43118,  -9.59001,  -0.77073,   7.94028,  -0.75516
   1.86666,   0.00000,   0.00000,   0.00000,   0.00000,  93.92410,  -3.00000,   1.86040, 109.45696,  -4.69745,   2.66731, 118.37600,  -5.52617,   3.22427, 134.71649,  -6.47174,   1.99771, 140.99518,  -7.34520,   7.87484, 131.09488,  -7.72261,  13.15547, 130.99471,  -8.56342,  19.28562, 107.74728, -12.28619,  26.86351,  87.13249,  -8.47547,  -1.77550, 131.56428,  -5.30026,  -6.62157, 131.82633,  -3.05316, -13.28053, 121.37521,  17.88311, -15.62026, 120.72918,  40.04207,   6.08545,  90.89878,  -3.68946,  21.65314,  55.37158,   1.08521,  30.32969,  15.42584,  -1.89117,  37.82105,   7.93500,   3.20102,  -6.60388,  92.62095,  -1.83752,  -2.73370,  54.09017,   3.42880,   1.22711,  15.42583,  -9.57828,  -0.77389,   7.93490,  -0.74393
   1.90000,   0.00000,   0.00000,   0.00000,   0.00000,  93.92410,  -3.00000,   1.86448, 109.45759,  -4.68723,   2.67567, 118.37657,  -5.51239,   3.24713, 134.71644,  -6.45996,   2.02431, 140.99583,  -7.33360,   7.89445, 131.09054,  -7.71048,  13.17490, 130.98966,  -8.55232,  19.28151, 107.73712, -12.28185,  26.82046,  87.09310,  -8.55301,  -1.75542, 131.56881,  -5.28800,  -6.60204, 131.83779,  -3.04292, -13.29403, 121.41836,  17.89863, -15.66125, 120.78742,  40.05510,   6.08499,  90.89782,  -3.68935,  21.65021,  55.37080,   1.09464,  30.32883,  15.42501,  -1.87501,  37.82141,   7.93414,   3.21534,  -6.60455,  92.62174,  -1.84047,  -2.73573,  54.09234,   3.43697,   1.22270,  15.42507,  -9.56212,  -0.77691,   7.93421,  -0.72742
   1.93333,   0.00000,   0.00000,   0.00000,   0.00000,  93.92410,  -3.00000,   1.86594, 109.45768,  -4.68480,   2.67933, 118.37649,  -5.50964,   3.25991, 134.71583,  -6.46086,   2.04318, 140.99715,  -7.32905,   7.90548, 131.08709,  -7.70968,  13.18620, 130.98423,  -8.54960,  19.25743, 107.72566, -12.29930,  26.74754,  87.04864,  -8.65587,  -1.74457, 131.57121,  -5.28910,  -6.59113, 131.84814,  -3.04484, -13.30857, 121.45050,  17.89938, -15.68923, 120.82583,  40.05459,   6.08492,  90.89749,  -3.68843,  21.63128,  55.36049,   1.08283,  30.32609,  15.41683,  -1.86801,  37.81500,   7.92593,   3.22769,  -6.60489,  92.62205,  -1.84208,  -2.73913,  54.09166,   3.43040,   1.22023,  15.41700,  -9.54639,  -0.78029,   7.92616,  -0.71187
   1.96666,   0.00000,   0.00000,   0.00000,   0.00000,  93.92410,  -3.00000,   1.86631, 109.45870,  -4.67494,   2.68287, 118.37763,  -5.49530,   3.27983, 134.71658,  -6.44308,   2.07213, 140.99991,  -7.30936,   7.92138, 131.08340,  -7.69392,  13.20155, 130.97736,  -8.53689,  19.22913, 107.71048, -12.30534,  26.66285,  86.99657,  -8.75718,  -1.72755, 131.57680,  -5.27070,  -6.57493, 131.85748,  -3.02870, -13.32091, 121.48791,  17.92026, -15.69840, 120.87975,  40.07627,   6.08485,  90.89777,  -3.69036,  21.62502,  55.35872,   1.08578,  30.32008,  15.41427,  -1.85353,  37.81061,   7.92338,   3.23980,  -6.60493,  92.62148,  -1.84290,  -2.74034,  54.09215,   3.43822,   1.21652,  15.41442,  -9.53017,  -0.78473,   7.92359,  -0.69581
   2.00000,   0.00000,   0.00000,   0.00000,   0.00000,  93.92410,  -3.00000,   1.86856, 109.46005,  -4.65980,   2.68788, 118.37929,  -5.47410,   3.29485, 134.71794,  -6.42062,   2.09480, 141.00335,  -7.28243,   7.93383, 131.08196,  -7.67282,  13.21384, 130.97126,  -8.51623,  19.18480, 107.69400, -12.31062,  26.56025,  86.94541,  -8.84445,  -1.71423, 131.58119,  -5.24737,  -6.55967, 131.86734,  -3.00186, -13.33268, 121.50504,  17.94198, -15.69908, 120.94518,  40.10045,   6.08415,  90.89742,  -3.69496,  21.61981,  55.35735,   1.08821,  30.32303,  15.41334,  -1.83296,  37.81513,   7.92244,   3.25805,  -6.60485,  92.62145,  -1.84251,  -2.73893,  54.09367,   3.44891,   1.21994,  15.41345,  -9.51144,  -0.78294,   7.92254,  -0.67751
   2.03333,   0.00000,   0.00000,   0.00000,   0.00000,  93.92410,  -3.00000,   1.87120, 109.46008,  -4.65656,   2.69399, 118.37928,  -5.46774,   3.31487, 134.71798,  -6.40434,   2.12034, 141.00459,  -7.26512,   7.95057, 131.07879,  -7.65939,  13.23008, 130.96491,  -8.50545,  19.14813, 107.67890, -12.32895,  26.46233,  86.89645,  -8.93667,  -1.69674, 131.58482,  -5.23234,  -6.54137, 131.87214,  -2.98523, -13.32928, 121.51249,  17.95510, -15.68110, 121.01048,  40.11650,   6.08352,  90.89647,  -3.69630,  21.59727,  55.34457,   1.07009,  30.32619,  15.40412,  -1.82282,  37.81649,   7.91323,   3.27085,  -6.60496,  92.62239,  -1.84207,  -2.73139,  54.09342,   3.43504,   1.21961,  15.40421,  -9.50086,  -0.77976,   7.91337,  -0.66608
   2.06666,   0.00000,   0.00000,   0.00000,   0.00000,  93.92410,  -3.00000,   1.87853, 109.46090,  -4.64055,   2.70616, 118.38040,  -5.44346,   3.33832, 134.71934,  -6.36833,   2.15184, 141.00806,  -7.22478,   7.97094, 131.07776,  -7.62781,  13.25031, 130.96138,  -8.47443,  19.10459, 107.66640, -12.34122,  26.35476,  86.84967,  -9.02244,  -1.67508, 131.58888,  -5.19672,  -6.51912, 131.87711,  -2.94845, -13.32597, 121.54144,  17.99758, -15.64724, 121.09982,  40.16349,   6.08199,  90.89427,  -3.70010,  21.60078,  55.34722,   1.08602,  30.33151,  15.40620,  -1.79369,  37.82180,   7.91529,   3.29997,  -6.60547,  92.62437,  -1.84273,  -2.73075,  54.09799,   3.45239,   1.22914,  15.40637,  -9.47360,  -0.77250,   7.91548,  -0.63938
   2.10000,   0.00000,   0.00000,   0.00000,   0.00000,  93.92410,  -3.00000,   1.88086, 109.46134,  -4.63360,   2.71312, 118.38100,  -5.42995,   3.36618, 134.72030,  -6.33383,   2.18428, 141.01121,  -7.18046,   7.99333, 131.07431,  -7.60064,  13.27177, 130.95196,  -8.45222,  19.07410, 107.64900, -12.34912,  26.26675,  86.80203,  -9.09569,  -1.65066, 131.59488,  -5.16352,  -6.49295, 131.88423,  -2.91162, -13.31581, 121.56825,  18.03890, -15.60635, 121.19384,  40.20925,   6.08136,  90.89357,  -3.70257,  21.58815,  55.34029,   1.07617,  30.33367,  15.40163,  -1.79131,  37.82358,   7.91082,   3.30306,  -6.60549,  92.62495,  -1.84220,  -2.72259,  54.09877,   3.44847,   1.22918,  15.40156,  -9.46325,  -0.76943,   7.91068,  -0.62833
   2.13333,   0.00000,   0.00000,   0.00000,   0.00000,  93.92410,  -3.00000,   1.88384, 109.46227,  -4.62135,   2.72187, 118.38217,  -5.40891,   3.40070, 134.72161,  -6.29081,   2.22577, 141.01524,  -7.12683,   8.02122, 131.06991,  -7.56536,  13.29881, 130.94035,  -8.42116,  19.05344, 107.63031, -12.34634,  26.20666,  86.76286,  -9.13756,  -1.62047, 131.60268,  -5.12179,  -6.46021, 131.89411,  -2.86470, -13.29201, 121.59833,  18.09285, -15.55798, 121.28350,  40.26664,   6.08082,  90.89298,  -3.70467,  21.58807,  55.34211,   1.09043,  30.33311,  15.40254,  -1.76589,  37.82353,   7.91168,   3.32765,  -6.60578,  92.62527,  -1.84352,  -2.72429,  54.10088,   3.46111,   1.23669,  15.40278,  -9.44511,  -0.76347,   7.91187,  -0.61056
   2.16666,   0.00000,   0.00000,   0.00000,   0.00000,  93.92410,  -3.00000,   1.88909, 109.46234,  -4.61449,   2.73117, 118.38234,  -5.39658,   3.42189, 134.72211,  -6.26302,   2.25098, 141.01779,  -7.08926,   8.03934, 131.06821,  -7.54237,  13.31614, 130.92953,  -8.40158,  19.03713, 107.61624, -12.35651,  26.16016,  86.73235,  -9.18780,  -1.60127, 131.60579,  -5.09557,  -6.43882, 131.89747,  -2.83382, -13.26569, 121.64753,  18.14779, -15.50651, 121.38011,  40.32477,   6.07982,  90.89125,  -3.70590,  21.58114,  55.33785,   1.08962,  30.34232,  15.40059,  -1.74945,  37.83198,   7.90972,   3.34520,  -6.60624,  92.62698,  -1.84420,  -2.71914,  54.10391,   3.46593,   1.22783,  15.40061,  -9.42898,  -0.77134,   7.90978,  -0.59414
   2.20000,   0.00000,   0.00000,   0.00000,   0.00000,  93.92410,  -3.00000,   1.89086, 109.46295,  -4.60660,   2.73621, 118.38317,  -5.38259,   3.44147, 134.72321,  -6.23206,   2.27470, 141.02050,  -7.05180,   8.05453, 131.06639,  -7.51888,  13.32980, 130.91958,  -8.38610,  19.02023, 107.60247, -12.36255,  26.13075,  86.71156,  -9.21204,  -1.58369, 131.61031,  -5.06409,  -6.42046, 131.89837,  -2.80021, -13.22845, 121.71923,  18.22196, -15.45869, 121.49792,  40.40051,   6.07968,  90.89103,  -3.70611,  21.57639,  55.33565,   1.08967,  30.34673,  15.39988,  -1.74198,  37.83608,   7.90905,   3.35319,  -6.60660,  92.62704,  -1.84619,  -2.70858,  54.10553,   3.46728,   1.24989,  15.39977,  -9.41674,  -0.74938,   7.90896,  -0.58190
   2.23333,   0.00000,   0.00000,   0.00000,   0.00000,  93.92410,  -3.00000,   1.89060, 109.46316,  -4.60483,   2.73769, 118.38355,  -5.37703,   3.45402, 134.72398,  -6.20947,   2.29664, 141.02439,  -7.01850,   8.06278, 131.06516,  -7.50599,  13.33669, 130.91259,  -8.38040,  19.00605, 107.59305, -12.37263,  26.10664,  86.69670,  -9.23579,  -1.57200, 131.61353,  -5.03870,  -6.40701, 131.90090,  -2.77098, -13.18577, 121.77271,  18.28522, -15.41383, 121.59157,  40.46435,   6.07943,  90.89105,  -3.70838,  21.57333,  55.33430,   1.08634,  30.35275,  15.40032,  -1.74242,  37.84077,   7.90943,   3.35460,  -6.60627,  92.62696,  -1.84441,  -2.71084,  54.10569,   3.47268,   1.24527,  15.40054,  -9.41387,  -0.75455,   7.90965,  -0.57923
   2.26666,   0.00000,   0.00000,   0.00000,   0.00000,  93.92410,  -3.00000,   1.89300, 109.46284,  -4.60514,   2.74225, 118.38323,  -5.37489,   3.46591, 134.72406,  -6.19313,   2.31266, 141.02681,  -6.98977,   8.07112, 131.06408,  -7.49893,  13.34367, 130.90400,  -8.38022,  19.01212, 107.58598, -12.38264,  26.11825,  86.69368,  -9.23138,  -1.56021, 131.61510,  -5.01881,  -6.39380, 131.90186,  -2.74797, -13.15032, 121.83021,  18.34247, -15.36117, 121.68645,  40.52360,   6.07843,  90.88982,  -3.71163,  21.57554,  55.33441,   1.08265,  30.36113,  15.40134,  -1.73982,  37.85032,   7.91049,   3.35554,  -6.60594,  92.62828,  -1.84108,  -2.70629,  54.10678,   3.47126,   1.25277,  15.40124,  -9.41321,  -0.74744,   7.91047,  -0.57856
   2.30000,   0.00000,   0.00000,   0.00000,   0.00000,  93.92410,  -3.00000,   1.89095, 109.46290,  -4.60694,   2.74024, 118.38344,  -5.37490,   3.46853, 134.72474,  -6.17971,   2.32004, 141.02944,  -6.96764,   8.07172, 131.06441,  -7.49169,  13.34309, 130.89803,  -8.37881,  19.00538, 107.57969, -12.38804,  26.12110,  86.69204,  -9.22764,  -1.55778, 131.61636,  -5.00468,  -6.38944, 131.89971,  -2.72931, -13.13173, 121.88570,  18.39311, -15.31734, 121.79723,  40.57703,   6.07802,  90.89011,  -3.71638,  21.57716,  55.33550,   1.07722,  30.36720,  15.40357,  -1.74756,  37.85582,   7.91270,   3.34862,  -6.60496,  92.62797,  -1.83582,  -2.69482,  54.10656,   3.46946,   1.25806,  15.40366,  -9.42485,  -0.73974,   7.91283,  -0.58970
   2.33333,   0.00000,   0.00000,   0.00000,   0.00000,  93.92410,  -3.00000,   1.89032, 109.46257,  -4.61092,   2.73880, 118.38319,  -5.37886,   3.46443, 134.72501,  -6.17521,   2.31936, 141.03193,  -6.95032,   8.06700, 131.06598,  -7.49296,  13.33695, 130.89332,  -8.38728,  18.99604, 107.57396, -12.39515,  26.13245,  86.69600,  -9.21744,  -1.56055, 131.61537,  -4.99783,  -6.39053, 131.89613,  -2.71859, -13.11687, 121.91839,  18.42607, -15.28487, 121.88735,  40.61187,   6.07728,  90.88972,  -3.72102,  21.57546,  55.33404,   1.06779,  30.36542,  15.40249,  -1.76249,  37.85447,   7.91167,   3.33313,  -6.60404,  92.62846,  -1.83008,  -2.68614,  54.10493,   3.45408,   1.25819,  15.40235,  -9.44381,  -0.73760,   7.91156,  -0.60818
   2.36666,   0.00000,   0.00000,   0.00000,   0.00000,  93.92410,  -3.00000,   1.88906, 109.46211,  -4.61678,   2.73772, 118.38263,  -5.38567,   3.46785, 134.72461,  -6.17470,   2.32480, 141.03275,  -6.94288,   8.06746, 131.06469,  -7.50028,  13.33594, 130.88613,  -8.40215,  18.99864, 107.56595, -12.40016,  26.15015,  86.69740,  -9.19471,  -1.55664, 131.61607,  -4.99236,  -6.38542, 131.89230,  -2.71002, -13.11060, 121.96053,  18.45664, -15.25642, 121.98747,  40.64460,   6.07714,  90.88973,  -3.72226,  21.59839,  55.34533,   1.07554,  30.36596,  15.41093,  -1.78386,  37.85516,   7.92003,   3.31141,  -6.60355,  92.62857,  -1.82720,  -2.68735,  54.10513,   3.45885,   1.25700,  15.41100,  -9.46436,  -0.74031,   7.92020,  -0.62908
   2.40000,   0.00000,   0.00000,   0.00000,   0.00000,  93.92410,  -3.00000,   1.88597, 109.46239,  -4.61770,   2.73227, 118.38327,  -5.38502,   3.45680, 134.72601,  -6.16339,   2.31813, 141.03740,  -6.91105,   8.05685, 131.06845,  -7.49394,  13.32431, 130.88172,  -8.40005,  18.99519, 107.56227, -12.39073,  26.15613,  86.70173,  -9.15437,  -1.56607, 131.61508,  -4.98043,  -6.39240, 131.88632,  -2.69232, -13.11163, 121.98926,  18.49247, -15.23609, 122.09260,  40.68227,   6.07758,  90.89082,  -3.72304,  21.59804,  55.34538,   1.06962,  30.35917,  15.41050,  -1.80280,  37.84750,   7.91963,   3.29379,  -6.60314,  92.62740,  -1.82616,  -2.69031,  54.10223,   3.44971,   1.25744,  15.41059,  -9.47992,  -0.74077,   7.91972,  -0.64490
   2.43333,   0.00000,   0.00000,   0.00000,   0.00000,  93.92410,  -3.00000,   1.88620, 109.46247,  -4.61664,   2.73199, 118.38354,  -5.38230,   3.45357, 134.72676,  -6.15348,   2.31102, 141.03916,  -6.88657,   8.05371, 131.07055,  -7.48743,  13.32019, 130.87583,  -8.39759,  18.98758, 107.55489, -12.38446,  26.15934,  86.70311,  -9.11574,  -1.56835, 131.61447,  -4.97005,  -6.39390, 131.88073,  -2.67969, -13.11114, 122.02450,  18.52476, -15.23370, 122.19061,  40.71435,   6.07766,  90.89084,  -3.72253,  21.60048,  55.34570,   1.06474,  30.36213,  15.41203,  -1.82277,  37.85145,   7.92119,   3.27242,  -6.60327,  92.62736,  -1.82697,  -2.69163,  54.10064,   3.43844,   1.26085,  15.41190,  -9.49842,  -0.74020,   7.92110,  -0.66399
   2.46666,   0.00000,   0.00000,   0.00000,   0.00000,  93.92410,  -3.00000,   1.88429, 109.46278,  -4.61591,   2.73012, 118.38394,  -5.38049,   3.45573, 134.72720,  -6.14696,   2.30649, 141.03988,  -6.86700,   8.05419, 131.07016,  -7.48444,  13.32000, 130.86908,  -8.39702,  18.97196, 107.54195, -12.36958,  26.14390,  86.69552,  -9.06730,  -1.56642, 131.61590,  -4.96189,  -6.39074, 131.87779,  -2.66847, -13.13399, 122.07171,  18.55098, -15.26168, 122.29241,  40.73961,   6.07841,  90.89182,  -3.72028,  21.59707,  55.34341,   1.05614,  30.35970,  15.41082,  -1.84340,  37.84957,   7.91991,   3.25087,  -6.60350,  92.62629,  -1.82942,  -2.70173,  54.09620,   3.41867,   1.25504,  15.41117,  -9.52796,  -0.74271,   7.92019,  -0.69293
   2.50000,   0.00000,   0.00000,   0.00000,   0.00000,  93.92410,  -3.00000,   1.88151, 109.46317,  -4.61540,   2.72725, 118.38444,  -5.37876,   3.45851, 134.72770,  -6.13985,   2.29924, 141.03967,  -6.85001,   8.05608, 131.06955,  -7.47732,  13.32148, 130.86157,  -8.39074,  18.95755, 107.52747, -12.34490,  26.11359,  86.67781,  -9.02852,  -1.56498, 131.61770,  -4.95704,  -6.39017, 131.87658,  -2.66508, -13.15382, 122.13091,  18.57569, -15.31540, 122.37319,  40.76082,   6.07949,  90.89322,  -3.71703,  21.59753,  55.34329,   1.05009,  30.35275,  15.41044,  -1.86822,  37.84322,   7.91955,   3.22521,  -6.60380,  92.62479,  -1.83281,  -2.71173,  54.09257,   3.40683,   1.25035,  15.41050,  -9.54703,  -0.75095,   7.91967,  -0.71267
   2.53333,   0.00000,   0.00000,   0.00000,   0.00000,  93.92410,  -3.00000,   1.88565, 109.46370,  -4.60545,   2.73524, 118.38499,  -5.36431,   3.47895, 134.72784,  -6.12207,   2.30479, 141.03862,  -6.81822,   8.07498, 131.06659,  -7.45636,  13.34076, 130.84986,  -8.36557,  18.95675, 107.50765, -12.30041,  26.08386,  86.65084,  -8.96681,  -1.54776, 131.62128,  -4.94392,  -6.37392, 131.88213,  -2.65425, -13.17984, 122.19566,  18.60009, -15.40410, 122.40414,  40.77937,   6.07927,  90.89236,  -3.71532,  21.60867,  55.34807,   1.05680,  30.35016,  15.41469,  -1.89521,  37.83787,   7.92379,   3.20227,  -6.60473,  92.62549,  -1.83729,  -2.70957,  54.09282,   3.39674,   1.24996,  15.41484,  -9.57010,  -0.75075,   7.92400,  -0.73562
   2.56666,   0.00000,   0.00000,   0.00000,   0.00000,  93.92410,  -3.00000,   1.88550, 109.46401,  -4.60262,   2.73847, 118.38507,  -5.36045,   3.50020, 134.72703,  -6.11939,   2.31323, 141.03726,  -6.79856,   8.09274, 131.06067,  -7.45167,  13.35926, 130.83162,  -8.35359,  18.94762, 107.47787, -12.25913,  26.02460,  86.60563,  -8.91524,  -1.53031, 131.62604,  -4.94282,  -6.35749, 131.89148,  -2.65583, -13.23823, 122.24768,  18.59383, -15.55408, 122.35279,  40.76446,   6.07884,  90.89231,  -3.71873,  21.60356,  55.34380,   1.03718,  30.35174,  15.41221,  -1.91929,  37.84048,   7.92133,   3.17670,  -6.60426,  92.62546,  -1.83467,  -2.69692,  54.09056,   3.37382,   1.24096,  15.41225,  -9.59863,  -0.75777,   7.92138,  -0.76373
   2.60000,   0.00000,   0.00000,   0.00000,   0.00000,  93.92410,  -3.00000,   1.88672, 109.46445,  -4.59685,   2.74381, 118.38524,  -5.35324,   3.52545, 134.72602,  -6.11731,   2.32262, 141.03472,  -6.78270,   8.11349, 131.05365,  -7.44855,  13.38071, 130.81188,  -8.34294,  18.93367, 107.44300, -12.20827,  25.94511,  86.55088,  -8.85050,  -1.50881, 131.63154,  -4.93965,  -6.33958, 131.90067,  -2.66068, -13.34209, 122.26575,  18.55320, -15.78055, 122.14416,  40.71060,   6.07797,  90.89177,  -3.72381,  21.61016,  55.34685,   1.03452,  30.34684,  15.41425,  -1.94226,  37.83748,   7.92344,   3.15103,  -6.60373,  92.62587,  -1.83121,  -2.69426,  54.08836,   3.35626,   1.23663,  15.41417,  -9.63058,  -0.75939,   7.92327,  -0.79508
   2.63333,   0.00000,   0.00000,   0.00000,   0.00000,  93.92410,  -3.00000,   1.88581, 109.46548,  -4.58789,   2.74769, 118.38595,  -5.34253,   3.55646, 134.72490,  -6.11753,   2.33446, 141.03062,  -6.77622,   8.13929, 131.04412,  -7.44347,  13.40720, 130.79177,  -8.33087,  18.92483, 107.40488, -12.13743,  25.85532,  86.48864,  -8.76183,  -1.48355, 131.63946,  -4.94072,  -6.31765, 131.91158,  -2.66918, -13.48846, 122.22157,  18.46322, -16.08667, 121.74513,  40.59766,   6.07696,  90.89194,  -3.73289,  21.61480,  55.34827,   1.01638,  30.35030,  15.41684,  -1.97951,  37.84124,   7.92603,   3.11333,  -6.60247,  92.62542,  -1.82462,  -2.67438,  54.08665,   3.33942,   1.24270,  15.41667,  -9.66412,  -0.75322,   7.92582,  -0.82857
   2.66666,   0.00000,   0.00000,   0.00000,   0.00000,  93.92410,  -3.00000,   1.88350, 109.46632,  -4.58241,   2.74910, 118.38643,  -5.33709,   3.58165, 134.72355,  -6.12525,   2.35284, 141.02907,  -6.77316,   8.15971, 131.03510,  -7.44631,  13.42822, 130.77274,  -8.32727,  18.90785, 107.36674, -12.07072,  25.75773,  86.43016,  -8.65691,  -1.46325, 131.64633,  -4.94790,  -6.29992, 131.92064,  -2.68210, -13.68912, 122.05808,  18.29468, -16.48548, 121.12294,  40.39031,   6.07614,  90.89245,  -3.74184,  21.62366,  55.35201,   0.99985,  30.35018,  15.42045,  -2.02034,  37.83956,   7.92956,   3.07469,  -6.60100,  92.62467,  -1.81720,  -2.65954,  54.08347,   3.31845,   1.24317,  15.42070,  -9.71081,  -0.75235,   7.92975,  -0.87525
   2.70000,   0.00000,   0.00000,   0.00000,   0.00000,  93.92410,  -3.00000,   1.87824, 109.46680,  -4.58394,   2.74624, 118.38644,  -5.34139,   3.60211, 134.72171,  -6.14302,   2.37362, 141.02799,  -6.78396,   8.17468, 131.02561,  -7.46174,  13.44303, 130.75157,  -8.34009,  18.89330, 107.32624, -12.00467,  25.67269,  86.37646,  -8.53162,  -1.44703, 131.65268,  -4.96242,  -6.28318, 131.92147,  -2.69486, -13.96705, 121.72925,  18.01678, -16.98436, 120.28143,  40.05563,   6.07578,  90.89374,  -3.74999,  21.63939,  55.36018,   0.99053,  30.34791,  15.42817,  -2.07520,  37.83638,   7.93731,   3.02122,  -6.59918,  92.62325,  -1.80862,  -2.64249,  54.08063,   3.30464,   1.24728,  15.42820,  -9.75912,  -0.74897,   7.93726,  -0.92371
   2.73333,   0.00000,   0.00000,   0.00000,   0.00000,  93.92410,  -3.00000,   1.86987, 109.46684,  -4.59347,   2.73789, 118.38600,  -5.35650,   3.61075, 134.71977,  -6.17024,   2.39437, 141.02903,  -6.80493,   8.17980, 131.01797,  -7.48518,  13.44771, 130.73113,  -8.36205,  18.87721, 107.29063, -11.95983,  25.61091,  86.33940,  -8.40752,  -1.44180, 131.65683,  -4.98844,  -6.27736, 131.90713,  -2.71748, -14.30995, 121.24992,  17.62451, -17.51942, 119.19791,  39.58810,   6.07586,  90.89578,  -3.75754,  21.64999,  55.36456,   0.96592,  30.35069,  15.43308,  -2.12892,  37.84003,   7.94218,   2.96615,  -6.59692,  92.62120,  -1.79841,  -2.63474,  54.07471,   3.28122,   1.24663,  15.43325,  -9.81747,  -0.74754,   7.94242,  -0.98151
   2.76666,   0.00000,   0.00000,   0.00000,   0.00000,  93.92410,  -3.00000,   1.86945, 109.46617,  -4.60043,   2.73744, 118.38498,  -5.36767,   3.61099, 134.71824,  -6.19081,   2.42111, 141.03328,  -6.81820,   8.18086, 131.01560,  -7.50051,  13.44864, 130.71860,  -8.37480,  18.86296, 107.26908, -11.93653,  25.57247,  86.32891,  -8.27491,  -1.44236, 131.65607,  -5.01043,  -6.27836, 131.88121,  -2.73779, -14.67014, 120.59800,  17.11573, -18.15331, 117.84843,  38.96106,   6.07443,  90.89486,  -3.76523,  21.68603,  55.37980,   0.95613,  30.36739,  15.44858,  -2.19574,  37.85572,   7.95771,   2.90087,  -6.59538,  92.62231,  -1.78879,  -2.61675,  54.07440,   3.26721,   1.25585,  15.44863,  -9.88024,  -0.73983,   7.95777,  -1.04464
   2.80000,   0.00000,   0.00000,   0.00000,   0.00000,  93.92410,  -3.00000,   1.86416, 109.46540,  -4.61410,   2.72908, 118.38392,  -5.38807,   3.59624, 134.71705,  -6.22028,   2.43493, 141.03790,  -6.84282,   8.16953, 131.01570,  -7.52162,  13.43803, 130.71370,  -8.38986,  18.84315, 107.26022, -11.93944,  25.53747,  86.33486,  -8.16704,  -1.45727, 131.65331,  -5.04467,  -6.29521, 131.84376,  -2.77299, -15.07867, 119.85953,  16.49160, -18.93345, 116.23139,  38.14543,   6.07428,  90.89566,  -3.76963,  21.71012,  55.38943,   0.93787,  30.38187,  15.45947,  -2.25617,  37.87161,   7.96858,   2.83833,  -6.59375,  92.62172,  -1.78057,  -2.60036,  54.07100,   3.24226,   1.26832,  15.45952,  -9.94826,  -0.72435,   7.96873,  -1.11192
   2.83333,   0.00000,   0.00000,   0.00000,   0.00000,  93.92410,  -3.00000,   1.85938, 109.46479,  -4.62541,   2.71987, 118.38337,  -5.40361,   3.57154, 134.71730,  -6.23635,   2.44265, 141.04470,  -6.85180,   8.15300, 131.02075,  -7.52257,  13.42371, 130.71795,  -8.37700,  18.83389, 107.26442, -11.91853,  25.51329,  86.34850,  -8.06813,  -1.48224, 131.64818,  -5.07602,  -6.32307, 131.80503,  -2.80793, -15.50363, 119.01914,  15.74291, -19.72088, 114.39859,  37.13862,   6.07447,  90.89660,  -3.77181,  21.73272,  55.39816,   0.91992,  30.39078,  15.46885,  -2.31915,  37.88035,   7.97799,   2.77564,  -6.59261,  92.62095,  -1.77525,  -2.60531,  54.06568,   3.21736,   1.28483,  15.46890, -10.00982,  -0.70745,   7.97803,  -1.17346
   2.86666,   0.00000,   0.00000,   0.00000,   0.00000,  93.92410,  -3.00000,   1.85532, 109.46528,  -4.62534,   2.71160, 118.38426,  -5.40365,   3.54774, 134.71891,  -6.23797,   2.45266, 141.05224,  -6.85356,   8.13666, 131.02705,  -7.51098,  13.41003, 130.72392,  -8.34872,  18.84505, 107.27355, -11.87309,  25.49109,  86.35362,  -7.98694,  -1.50581, 131.64456,  -5.09052,  -6.35212, 131.76477,  -2.83191, -15.92290, 118.10006,  14.87602, -20.52841, 112.33865,  35.91186,   6.07480,  90.89796,  -3.77455,  21.74142,  55.40024,   0.89461,  30.40342,  15.47419,  -2.37399,  37.89188,   7.98329,   2.72238,  -6.59181,  92.61946,  -1.77252,  -2.58180,  54.06289,   3.19183,   1.29119,  15.47435, -10.06439,  -0.70159,   7.98348,  -1.22814
   2.90000,   0.00000,   0.00000,   0.00000,   0.00000,  93.92410,  -3.00000,   1.84738, 109.46561,  -4.63127,   2.69639, 118.38517,  -5.41078,   3.50856, 134.72127,  -6.24045,   2.44616, 141.06054,  -6.85212,   8.10910, 131.03725,  -7.49406,  13.38685, 130.74156,  -8.30644,  18.84900, 107.29289, -11.80007,  25.45796,  86.35728,  -7.93517,  -1.54466, 131.63833,  -5.11481,  -6.39841, 131.71426,  -2.87031, -16.32356, 117.21355,  13.95575, -21.42471, 110.12305,  34.46463,   6.07629,  90.90074,  -3.77369,  21.75156,  55.40372,   0.87170,  30.41346,  15.48039,  -2.43016,  37.90408,   7.98956,   2.66314,  -6.59109,  92.61658,  -1.77173,  -2.58392,  54.05621,   3.16528,   1.30054,  15.48037, -10.12450,  -0.69246,   7.98944,  -1.28835
   2.93333,   0.00000,   0.00000,   0.00000,   0.00000,  93.92410,  -3.00000,   1.84446, 109.46699,  -4.62132,   2.68744, 118.38750,  -5.39657,   3.47147, 134.72508,  -6.22407,   2.44204, 141.07027,  -6.83075,   8.08411, 131.04985,  -7.45891,  13.36617, 130.76277,  -8.24599,  18.85859, 107.31705, -11.71185,  25.42934,  86.36267,  -7.88375,  -1.58028, 131.63249,  -5.11856,  -6.44576, 131.66548,  -2.89853, -16.67195, 116.29493,  12.94655, -22.25220, 107.79913,  32.78573,   6.07802,  90.90296,  -3.76874,  21.75610,  55.40367,   0.84977,  30.42778,  15.48492,  -2.48175,  37.91870,   7.99410,   2.61110,  -6.59201,  92.61398,  -1.77946,  -2.58209,  54.05098,   3.13476,   1.31591,  15.48495, -10.17951,  -0.67734,   7.99402,  -1.34341
   2.96666,   0.00000,   0.00000,   0.00000,   0.00000,  93.92410,  -3.00000,   1.84002, 109.46882,  -4.60885,   2.67859, 118.39015,  -5.37944,   3.44661, 134.72839,  -6.20880,   2.44386, 141.07818,  -6.81202,   8.07038, 131.05849,  -7.41757,  13.35680, 130.77810,  -8.17737,  18.87576, 107.33282, -11.60385,  25.39662,  86.35493,  -7.81941,  -1.60712, 131.62987,  -5.12920,  -6.48091, 131.61444,  -2.92731, -16.95125, 115.39763,  11.88088, -23.08232, 105.41159,  30.84400,   6.08047,  90.90611,  -3.76171,  21.74119,  55.39160,   0.79837,  30.44713,  15.48113,  -2.54287,  37.93602,   7.99025,   2.55291,  -6.59322,  92.61032,  -1.78996,  -2.59329,  54.04161,   3.08742,   1.33701,  15.48104, -10.23318,  -0.65873,   7.99019,  -1.39759
   3.00000,   0.00000,   0.00000,   0.00000,   0.00000,  93.92410,  -3.00000,   1.84234, 109.47122,  -4.58278,   2.67762, 118.39369,  -5.34360,   3.42107, 134.73299,  -6.17458,   2.43721, 141.08518,  -6.78370,   8.05762, 131.07089,  -7.35775,  13.34877, 130.80243,  -8.08833,  18.89791, 107.36087, -11.49147,  25.38418,  86.36906,  -7.72482,  -1.63278, 131.62589,  -5.12049,  -6.51580, 131.56133,  -2.94004, -17.18928, 114.53397,  10.77278, -23.90002, 103.07935,  28.68000,   6.08221,  90.90757,  -3.75356,  21.74496,  55.39136,   0.78623,  30.45755,  15.48458,  -2.58166,  37.94714,   7.99369,   2.51308,  -6.59561,  92.60819,  -1.80537,  -2.59975,  54.03741,   3.05893,   1.35551,  15.48469, -10.27700,  -0.63902,   7.99381,  -1.44116
   3.03333,   0.00000,   0.00000,   0.00000,   0.00000,  93.92410,  -3.00000,   1.85551, 109.47293,  -4.55024,   2.69174, 118.39642,  -5.29804,   3.41129, 134.73694,  -6.12605,   2.44937, 141.09230,  -6.73708,   8.06040, 131.08281,  -7.28436,  13.35584, 130.82440,  -7.98690,  18.93525, 107.38641, -11.36496,  25.39559,  86.38526,  -7.60577,  -1.64269, 131.62114,  -5.09863,  -6.53741, 131.51091,  -2.94640, -17.35036, 113.65819,   9.55385, -24.61521, 100.82066,  26.26704,   6.08215,  90.90522,  -3.74465,  21.74348,  55.38472,   0.76634,  30.49051,  15.48688,  -2.61814,  37.97896,   7.99603,   2.47832,  -6.59921,  92.61006,  -1.82336,  -2.60035,  54.03795,   3.02796,   1.37839,  15.48691, -10.30582,  -0.61727,   7.99604,  -1.47022
   3.06666,   0.00000,   0.00000,   0.00000,   0.00000,  93.92410,  -3.00000,   1.85269, 109.47603,  -4.52224,   2.68362, 118.40091,  -5.25932,   3.37864, 134.74247,  -6.08778,   2.43392, 141.10100,  -6.69258,   8.03986, 131.09622,  -7.22200,  13.33965, 130.85065,  -7.89574,  18.94455, 107.41683, -11.26058,  25.39217,  86.41550,  -7.48066,  -1.67493, 131.61805,  -5.08479,  -6.58001, 131.45519,  -2.95967, -17.50529, 112.85274,   8.28678, -25.31782,  98.72199,  23.65549,   6.08509,  90.90884,  -3.73517,  21.72702,  55.37481,   0.73647,  30.50787,  15.48472,  -2.65176,  37.99750,   7.99388,   2.44298,  -6.60137,  92.60558,  -1.84064,  -2.59796,  54.03220,   2.99679,   1.40618,  15.48465, -10.33951,  -0.59325,   7.99383,  -1.50473
   3.10000,   0.00000,   0.00000,   0.00000,   0.00000,  93.92410,  -3.00000,   1.85951, 109.47661,  -4.50791,   2.68533, 118.40236,  -5.24018,   3.33714, 134.74551,  -6.07233,   2.40889, 141.10643,  -6.67761,   8.01454, 131.11232,  -7.18153,  13.31812, 130.88279,  -7.83073,  18.96368, 107.45524, -11.17117,  25.40945,  86.45951,  -7.35717,  -1.71233, 131.60688,  -5.09335,  -6.63346, 131.39679,  -3.00989, -17.63093, 112.08175,   6.88356, -25.85452,  96.83204,  20.90960,   6.08607,  90.90798,  -3.72345,  21.74177,  55.37686,   0.72301,  30.52846,  15.49078,  -2.69715,  38.01796,   7.99988,   2.39769,  -6.60425,  92.60628,  -1.85635,  -2.59817,  54.03126,   2.96586,   1.42440,  15.49088, -10.38557,  -0.57458,   8.00001,  -1.55072
   3.13333,   0.00000,   0.00000,   0.00000,   0.00000,  93.92410,  -3.00000,   1.85904, 109.47922,  -4.48139,   2.67926, 118.40630,  -5.20357,   3.29995, 134.75064,  -6.03624,   2.39712, 141.11454,  -6.64854,   7.98999, 131.12720,  -7.12380,  13.29662, 130.90579,  -7.75051,  18.99553, 107.48582, -11.05330,  25.45674,  86.50200,  -7.20007,  -1.74713, 131.60144,  -5.07914,  -6.68538, 131.34200,  -3.04225, -17.72094, 111.39861,   5.46497, -26.26662,  95.14256,  18.09918,   6.08833,  90.91046,  -3.71476,  21.72361,  55.36495,   0.68834,  30.53393,  15.48436,  -2.73508,  38.02392,   7.99356,   2.35917,  -6.60638,  92.60307,  -1.87243,  -2.61432,  54.02309,   2.92159,   1.42931,  15.48422, -10.42784,  -0.56917,   7.99340,  -1.59284
   3.16666,   0.00000,   0.00000,   0.00000,   0.00000,  93.92410,  -3.00000,   1.85397, 109.48266,  -4.45134,   2.66765, 118.41120,  -5.16277,   3.26189, 134.75624,  -6.00102,   2.37484, 141.12124,  -6.62480,   7.96457, 131.14111,  -7.06131,  13.27463, 130.92829,  -7.66133,  19.02436, 107.51767, -10.94222,  25.51316,  86.55469,  -7.02249,  -1.78431, 131.59800,  -5.06941,  -6.74189, 131.28074,  -3.08844, -17.77716, 110.82573,   4.10260, -26.59291,  93.69359,  15.31345,   6.09055,  90.91444,  -3.71254,  21.71572,  55.35919,   0.64762,  30.54138,  15.48249,  -2.78166,  38.03116,   7.99159,   2.31276,  -6.60719,  92.59814,  -1.88302,  -2.60925,  54.01639,   2.89181,   1.43995,  15.48272, -10.47096,  -0.55651,   7.99182,  -1.63557
   3.20000,   0.00000,   0.00000,   0.00000,   0.00000,  93.92410,  -3.00000,   1.84020, 109.48616,  -4.43114,   2.64126, 118.41638,  -5.13591,   3.19327, 134.76250,  -5.98179,   2.31735, 141.12873,  -6.60877,   7.91376, 131.16048,  -7.00699,  13.22820, 130.96335,  -7.57264,  19.03278, 107.56184, -10.82182,  25.53220,  86.61383,  -6.84018,  -1.84994, 131.59008,  -5.08276,  -6.83172, 131.23838,  -3.16945, -17.78482, 110.32464,   2.70765, -26.78150,  92.46572,  12.55801,   6.09477,  90.92150,  -3.70628,  21.70133,  55.35091,   0.59491,  30.54663,  15.47946,  -2.84477,  38.03537,   7.98858,   2.25121,  -6.60757,  92.59009,  -1.89491,  -2.60523,  54.00532,   2.85169,   1.45668,  15.47955, -10.52999,  -0.54522,   7.98867,  -1.69581
   3.23333,   0.00000,   0.00000,   0.00000,   0.00000,  93.92410,  -3.00000,   1.83646, 109.48966,  -4.39752,   2.63080, 118.42134,  -5.09121,   3.15207, 134.76786,  -5.94889,   2.28306, 141.13345,  -6.59172,   7.88801, 131.17556,  -6.93623,  13.20692, 130.99351,  -7.46359,  19.07745, 107.60373, -10.67857,  25.59735,  86.67537,  -6.62763,  -1.89038, 131.58489,  -5.08350,  -6.89421, 131.20134,  -3.23496, -17.71810, 109.89400,   1.31873, -26.79378,  91.43213,   9.90375,   6.09729,  90.92536,  -3.70085,  21.68924,  55.34144,   0.54277,  30.56083,  15.47607,  -2.89960,  38.05086,   7.98516,   2.19445,  -6.60905,  92.58527,  -1.90971,  -2.60246,  53.99701,   2.80495,   1.46698,  15.47617, -10.58860,  -0.53603,   7.98527,  -1.75469
   3.26666,   0.00000,   0.00000,   0.00000,   0.00000,  93.92410,  -3.00000,   1.82822, 109.49223,  -4.37957,   2.61470, 118.42486,  -5.06997,   3.10877, 134.77108,  -5.94926,   2.24572, 141.13558,  -6.61066,   7.85888, 131.18696,  -6.89752,  13.18242, 131.02062,  -7.38150,  19.12127, 107.64181, -10.55043,  25.64746,  86.72811,  -6.43447,  -1.93319, 131.57914,  -5.11462,  -6.95784, 131.16271,  -3.33081, -17.60676, 109.52949,  -0.09050, -26.70550,  90.58632,   7.34457,   6.10083,  90.93033,  -3.69121,  21.66856,  55.32830,   0.48902,  30.57544,  15.47073,  -2.95256,  38.06430,   7.97982,   2.14322,  -6.61030,  92.57958,  -1.92435,  -2.60630,  53.98761,   2.76197,   1.48257,  15.47075, -10.63712,  -0.52090,   7.97996,  -1.80323
   3.30000,   0.00000,   0.00000,   0.00000,   0.00000,  93.92410,  -3.00000,   1.83109, 109.49440,  -4.35098,   2.61316, 118.42806,  -5.03308,   3.07543, 134.77434,  -5.92824,   2.21782, 141.13708,  -6.61328,   7.84111, 131.20036,  -6.83568,  13.16836, 131.04922,  -7.28248,  19.18263, 107.68005, -10.37948,  25.71870,  86.78203,  -6.20001,  -1.96526, 131.57146,  -5.12849,  -7.01235, 131.13651,  -3.41380, -17.41605, 109.23275,  -1.44301, -26.46261,  89.89915,   4.98213,   6.10345,  90.93198,  -3.67510,  21.65784,  55.31786,   0.45140,  30.59007,  15.46688,  -3.00074,  38.08157,   7.97595,   2.09111,  -6.61371,  92.57732,  -1.94843,  -2.60198,  53.98289,   2.71098,   1.49433,  15.46709, -10.68888,  -0.50832,   7.97625,  -1.85484
   3.33333,   0.00000,   0.00000,   0.00000,   0.00000,  93.92410,  -3.00000,   1.82867, 109.49634,  -4.33173,   2.60561, 118.43047,  -5.01353,   3.04377, 134.77518,  -5.94863,   2.19347, 141.13585,  -6.66146,   7.82202, 131.20770,  -6.81464,  13.15245, 131.06688,  -7.22544,  19.23920, 107.70609, -10.24300,  25.81526,  86.83767,  -5.97923,  -1.99627, 131.56505,  -5.17430,  -7.06505, 131.11365,  -3.52926, -17.19110, 109.00672,  -2.72790, -26.11682,  89.34325,   2.80297,   6.10712,  90.93531,  -3.65635,  21.66087,  55.31436,   0.41327,  30.61090,  15.47059,  -3.07581,  38.09923,   7.97968,   2.02075,  -6.61671,  92.57345,  -1.97254,  -2.60323,  53.97633,   2.66295,   1.51787,  15.47089, -10.75909,  -0.48477,   7.97998,  -1.92511
   3.36666,   0.00000,   0.00000,   0.00000,   0.00000,  93.92410,  -3.00000,   1.83233, 109.49695,  -4.31955,   2.60691, 118.43101,  -5.00484,   3.02414, 134.77358,  -5.98594,   2.18122, 141.13108,  -6.73485,   7.81488, 131.21180,  -6.80512,  13.14850, 131.08133,  -7.17599,  19.30972, 107.72884, -10.10537,  25.92525,  86.89075,  -5.75516,  -2.01610, 131.55705,  -5.23996,  -7.10580, 131.09020,  -3.66533, -16.92235, 108.83090,  -3.89891, -25.67170,  88.87992,   0.82528,   6.11044,  90.93637,  -3.62972,  21.66683,  55.31096,   0.39047,  30.64562,  15.47693,  -3.13578,  38.13436,   7.98603,   1.96017,  -6.62105,  92.57222,  -2.00257,  -2.61300,  53.97292,   2.61942,   1.55014,  15.47695, -10.81679,  -0.45507,   7.98613,  -1.98331
   3.40000,   0.00000,   0.00000,   0.00000,   0.00000,  93.92410,  -3.00000,   1.84427, 109.49655,  -4.30753,   2.61867, 118.43022,  -4.99824,   3.00867, 134.76998,  -6.03562,   2.17190, 141.12358,  -6.82354,   7.81398, 131.21583,  -6.80086,  13.15066, 131.09554,  -7.12863,  19.38846, 107.75335,  -9.97690,  26.03693,  86.94667,  -5.52770,  -2.03074, 131.54506,  -5.32087,  -7.14141, 131.06503,  -3.81986, -16.63396, 108.69077,  -4.90595, -25.22339,  88.50023,  -0.97215,   6.11220,  90.93422,  -3.60190,  21.68174,  55.31111,   0.38757,  30.68610,  15.48716,  -3.18699,  38.17613,   7.99624,   1.90705,  -6.62613,  92.57448,  -2.03374,  -2.62322,  53.97363,   2.57984,   1.58670,  15.48735, -10.86955,  -0.41862,   7.99647,  -2.03615
   3.43333,   0.00000,   0.00000,   0.00000,   0.00000,  93.92410,  -3.00000,   1.85262, 109.49655,  -4.29567,   2.62578, 118.42991,  -4.99170,   2.99073, 134.76662,  -6.08476,   2.15283, 141.11511,  -6.91169,   7.81060, 131.22013,  -6.79179,  13.15061, 131.11406,  -7.06578,  19.46773, 107.78241,  -9.82424,  26.12361,  86.99993,  -5.27421,  -2.04830, 131.53341,  -5.40578,  -7.17964, 131.04318,  -3.98045, -16.35378, 108.57295,  -5.65950, -24.81262,  88.18442,  -2.55034,   6.11506,  90.93375,  -3.56962,  21.70773,  55.31748,   0.39050,  30.71503,  15.50046,  -3.25325,  38.20494,   8.00961,   1.84104,  -6.63132,  92.57495,  -2.06932,  -2.61662,  53.97475,   2.53940,   1.62322,  15.50041, -10.93472,  -0.38288,   8.00961,  -2.10142
   3.46666,   0.00000,   0.00000,   0.00000,   0.00000,  93.92410,  -3.00000,   1.86745, 109.49312,  -4.31544,   2.64139, 118.42495,  -5.02998,   2.97903, 134.75799,  -6.18492,   2.13790, 141.10093,  -7.05029,   7.81444, 131.22035,  -6.82717,  13.15741, 131.13065,  -7.04329,  19.55183, 107.80878,  -9.70456,  26.20549,  87.04339,  -5.07393,  -2.05916, 131.51537,  -5.54572,  -7.20996, 131.01963,  -4.19441, -16.09682, 108.47319,  -6.33382, -24.42205,  87.93491,  -3.92959,   6.11714,  90.92999,  -3.52585,  21.75315,  55.33150,   0.42323,  30.74643,  15.52001,  -3.31429,  38.23799,   8.02915,   1.77756,  -6.63753,  92.57967,  -2.10759,  -2.61730,  53.97972,   2.49849,   1.65621,  15.51988, -11.00637,  -0.34935,   8.02905,  -2.17298
   3.50000,   0.00000,   0.00000,   0.00000,   0.00000,  93.92410,  -3.00000,   1.87786, 109.49100,  -4.32572,   2.65035, 118.42164,  -5.05651,   2.95768, 134.75018,  -6.28133,   2.11464, 141.08607,  -7.19518,   7.80923, 131.22271,  -6.85401,  13.15445, 131.15108,  -7.01390,  19.62900, 107.83906,  -9.56550,  26.27698,  87.09262,  -4.84266,  -2.07871, 131.49693,  -5.68335,  -7.24544, 130.99923,  -4.39506, -15.89149, 108.40005,  -6.92844, -24.08923,  87.75386,  -5.07290,   6.11979,  90.92837,  -3.48417,  21.78876,  55.34142,   0.43812,  30.78242,  15.53832,  -3.38688,  38.27265,   8.04751,   1.70701,  -6.64308,  92.58187,  -2.14640,  -2.62701,  53.98235,   2.46680,   1.69002,  15.53815, -11.06872,  -0.31722,   8.04727,  -2.23576
   3.53333,   0.00000,   0.00000,   0.00000,   0.00000,  93.92410,  -3.00000,   1.89416, 109.48849,  -4.33204,   2.67032, 118.41765,  -5.07688,   2.96343, 134.74146,  -6.36654,   2.12674, 141.07136,  -7.32650,   7.82516, 131.21923,  -6.88229,  13.17185, 131.16052,  -6.98993,  19.71873, 107.85511,  -9.41415,  26.37157,  87.12786,  -4.61452,  -2.07303, 131.48284,  -5.79903,  -7.25449, 130.98302,  -4.57222, -15.70588, 108.34794,  -7.42227, -23.81446,  87.63457,  -5.96688,   6.12119,  90.92472,  -3.44198,  21.81475,  55.34699,   0.46562,  30.80801,  15.55099,  -3.43348,  38.29686,   8.06014,   1.66239,  -6.64903,  92.58623,  -2.18682,  -2.63539,  53.98712,   2.43199,   1.72053,  15.55103, -11.11409,  -0.28767,   8.06020,  -2.28130
   3.56666,   0.00000,   0.00000,   0.00000,   0.00000,  93.92410,  -3.00000,   1.89941, 109.48676,  -4.34466,   2.67422, 118.41493,  -5.10272,   2.94879, 134.73521,  -6.44018,   2.11353, 141.05739,  -7.45098,   7.82173, 131.22067,  -6.89953,  13.16932, 131.17439,  -6.95591,  19.77658, 107.87679,  -9.28975,  26.43337,  87.17929,  -4.36876,  -2.08664, 131.46878,  -5.90970,  -7.28196, 130.96753,  -4.74354, -15.57835, 108.30816,  -7.84484, -23.65209,  87.56605,  -6.62379,   6.12420,  90.92512,  -3.40120,  21.83153,  55.35222,   0.49506,  30.82101,  15.56245,  -3.47565,  38.31106,   8.07161,   1.61845,  -6.65350,  92.58631,  -2.22409,  -2.65133,  53.98810,   2.41218,   1.72817,  15.56252, -11.15609,  -0.27821,   8.07161,  -2.32295
   3.60000,   0.00000,   0.00000,   0.00000,   0.00000,  93.92410,  -3.00000,   1.90759, 109.48423,  -4.36223,   2.68216, 118.41112,  -5.13544,   2.93825, 134.72769,  -6.52109,   2.10493, 141.04346,  -7.57265,   7.82201, 131.22118,  -6.92337,  13.17002, 131.19095,  -6.92209,  19.83389, 107.90277,  -9.18796,  26.48311,  87.23268,  -4.14310,  -2.09574, 131.45317,  -6.02808,  -7.30373, 130.94946,  -4.92099, -15.50327, 108.28198,  -8.21467, -23.59048,  87.54229,  -7.04281,   6.12625,  90.92422,  -3.36113,  21.85013,  55.35854,   0.53426,  30.82160,  15.57224,  -3.51127,  38.31185,   8.08133,   1.58245,  -6.65783,  92.58791,  -2.25927,  -2.68363,  53.98815,   2.38810,   1.73320,  15.57238, -11.19584,  -0.27544,   8.08156,  -2.36314
   3.63333,   0.00000,   0.00000,   0.00000,   0.00000,  93.92410,  -3.00000,   1.91457, 109.48162,  -4.38208,   2.68840, 118.40721,  -5.17095,   2.92579, 134.72002,  -6.60327,   2.10154, 141.02931,  -7.69997,   7.82001, 131.22202,  -6.94846,  13.16781, 131.20614,  -6.89506,  19.89328, 107.92802,  -9.08090,  26.53468,  87.28573,  -3.91339,  -2.10625, 131.43703,  -6.14835,  -7.32548, 130.92944,  -5.09737, -15.47512, 108.26334,  -8.52180, -23.61477,  87.55061,  -7.24119,   6.12804,  90.92361,  -3.32370,  21.85565,  55.35718,   0.54972,  30.82953,  15.57725,  -3.55275,  38.31841,   8.08638,   1.54305,  -6.66157,  92.58925,  -2.29116,  -2.69631,  53.98888,   2.35883,   1.74394,  15.57738, -11.22954,  -0.26499,   8.08649,  -2.39696
   3.66666,   0.00000,   0.00000,   0.00000,   0.00000,  93.92410,  -3.00000,   1.91606, 109.47982,  -4.40023,   2.68626, 118.40436,  -5.20430,   2.90064, 134.71328,  -6.68385,   2.08008, 141.01632,  -7.81857,   7.80478, 131.22468,  -6.97981,  13.15190, 131.22259,  -6.87759,  19.93456, 107.95272,  -8.97271,  26.56275,  87.33057,  -3.70876,  -2.12793, 131.42095,  -6.25882,  -7.35714, 130.90771,  -5.26160, -15.51751, 108.25586,  -8.75407, -23.76034,  87.59948,  -7.24383,   6.13033,  90.92495,  -3.29114,  21.84863,  55.35283,   0.56787,  30.81542,  15.57429,  -3.56336,  38.30634,   8.08346,   1.52950,  -6.66427,  92.58842,  -2.31867,  -2.72064,  53.98585,   2.33146,   1.73169,  15.57422, -11.25260,  -0.27691,   8.08334,  -2.41995
   3.70000,   0.00000,   0.00000,   0.00000,   0.00000,  93.92410,  -3.00000,   1.91880, 109.47833,  -4.41299,   2.68519, 118.40203,  -5.22992,   2.87319, 134.70711,  -6.75466,   2.05556, 141.00347,  -7.92795,   7.78701, 131.22874,  -7.00733,  13.13298, 131.23700,  -6.85676,  19.97651, 107.97645,  -8.85519,  26.59431,  87.37215,  -3.50889,  -2.15078, 131.40469,  -6.35436,  -7.38710, 130.88432,  -5.39899, -15.60209, 108.25627,  -8.91758, -23.98581,  87.68240,  -7.09002,   6.13214,  90.92587,  -3.26085,  21.86644,  55.36282,   0.61653,  30.80052,  15.58281,  -3.57099,  38.29074,   8.09195,   1.52284,  -6.66685,  92.58791,  -2.34539,  -2.74733,  53.98734,   2.34157,   1.71474,  15.58275, -11.25918,  -0.29338,   8.09194,  -2.42636
   3.73333,   0.00000,   0.00000,   0.00000,   0.00000,  93.92410,  -3.00000,   1.91615, 109.47648,  -4.43669,   2.67711, 118.39940,  -5.26712,   2.84096, 134.70228,  -6.81803,   2.02988, 140.99287,  -8.02626,   7.76348, 131.23373,  -7.03384,  13.10830, 131.25164,  -6.84778,  20.00281, 107.99826,  -8.75225,  26.61975,  87.41175,  -3.33682,  -2.17859, 131.39007,  -6.44390,  -7.42036, 130.86262,  -5.52295, -15.73827, 108.26958,  -9.02466, -24.30073,  87.80467,  -6.83772,   6.13440,  90.92831,  -3.23457,  21.84776,  55.35342,   0.61898,  30.78484,  15.57525,  -3.57966,  38.27361,   8.08443,   1.51637,  -6.66836,  92.58598,  -2.36508,  -2.77040,  53.98404,   2.32856,   1.69834,  15.57508, -11.25764,  -0.31467,   8.08420,  -2.42599
